6.000000000000000125e-03 0.000000000000000000e+00 0.000000000000000000e+00 0.000000000000000000e+00
1.799999999999999864e-02 0.000000000000000000e+00 0.000000000000000000e+00 0.000000000000000000e+00
2.999999999999999889e-02 0.000000000000000000e+00 0.000000000000000000e+00 0.000000000000000000e+00
4.199999999999999567e-02 0.000000000000000000e+00 0.000000000000000000e+00 0.000000000000000000e+00
5.399999999999999245e-02 0.000000000000000000e+00 0.000000000000000000e+00 0.000000000000000000e+00
6.599999999999998923e-02 0.000000000000000000e+00 0.000000000000000000e+00 0.000000000000000000e+00
7.799999999999999989e-02 0.000000000000000000e+00 0.000000000000000000e+00 0.000000000000000000e+00
8.999999999999999667e-02 0.000000000000000000e+00 0.000000000000000000e+00 0.000000000000000000e+00
1.019999999999999934e-01 0.000000000000000000e+00 0.000000000000000000e+00 0.000000000000000000e+00
1.139999999999999902e-01 0.000000000000000000e+00 0.000000000000000000e+00 0.000000000000000000e+00
1.259999999999999731e-01 0.000000000000000000e+00 0.000000000000000000e+00 0.000000000000000000e+00
1.379999999999999838e-01 0.000000000000000000e+00 0.000000000000000000e+00 0.000000000000000000e+00
1.499999999999999944e-01 0.000000000000000000e+00 0.000000000000000000e+00 0.000000000000000000e+00
1.619999999999999774e-01 0.000000000000000000e+00 0.000000000000000000e+00 0.000000000000000000e+00
1.739999999999999880e-01 0.000000000000000000e+00 0.000000000000000000e+00 0.000000000000000000e+00
1.859999999999999709e-01 0.000000000000000000e+00 0.000000000000000000e+00 0.000000000000000000e+00
1.979999999999999816e-01 0.000000000000000000e+00 0.000000000000000000e+00 0.000000000000000000e+00
2.099999999999999922e-01 0.000000000000000000e+00 0.000000000000000000e+00 0.000000000000000000e+00
2.219999999999999751e-01 0.000000000000000000e+00 0.000000000000000000e+00 0.000000000000000000e+00
2.339999999999999858e-01 0.000000000000000000e+00 0.000000000000000000e+00 0.000000000000000000e+00
2.459999999999999687e-01 0.000000000000000000e+00 0.000000000000000000e+00 0.000000000000000000e+00
2.579999999999999516e-01 0.000000000000000000e+00 0.000000000000000000e+00 0.000000000000000000e+00
2.699999999999999623e-01 0.000000000000000000e+00 0.000000000000000000e+00 0.000000000000000000e+00
2.819999999999999729e-01 0.000000000000000000e+00 0.000000000000000000e+00 0.000000000000000000e+00
2.939999999999999836e-01 0.000000000000000000e+00 0.000000000000000000e+00 0.000000000000000000e+00
3.059999999999999942e-01 0.000000000000000000e+00 0.000000000000000000e+00 0.000000000000000000e+00
3.179999999999999494e-01 0.000000000000000000e+00 0.000000000000000000e+00 0.000000000000000000e+00
3.299999999999999600e-01 0.000000000000000000e+00 0.000000000000000000e+00 0.000000000000000000e+00
3.419999999999999707e-01 0.000000000000000000e+00 0.000000000000000000e+00 0.000000000000000000e+00
3.539999999999999813e-01 0.000000000000000000e+00 0.000000000000000000e+00 0.000000000000000000e+00
3.659999999999999365e-01 0.000000000000000000e+00 0.000000000000000000e+00 0.000000000000000000e+00
3.779999999999999472e-01 0.000000000000000000e+00 0.000000000000000000e+00 0.000000000000000000e+00
3.899999999999999578e-01 0.000000000000000000e+00 0.000000000000000000e+00 0.000000000000000000e+00
4.019999999999999685e-01 0.000000000000000000e+00 0.000000000000000000e+00 0.000000000000000000e+00
4.139999999999999791e-01 0.000000000000000000e+00 0.000000000000000000e+00 0.000000000000000000e+00
4.259999999999999343e-01 0.000000000000000000e+00 0.000000000000000000e+00 0.000000000000000000e+00
4.379999999999999449e-01 0.000000000000000000e+00 0.000000000000000000e+00 0.000000000000000000e+00
4.499999999999999556e-01 0.000000000000000000e+00 0.000000000000000000e+00 0.000000000000000000e+00
4.619999999999999662e-01 0.000000000000000000e+00 0.000000000000000000e+00 0.000000000000000000e+00
4.739999999999999214e-01 0.000000000000000000e+00 0.000000000000000000e+00 0.000000000000000000e+00
4.859999999999999321e-01 0.000000000000000000e+00 0.000000000000000000e+00 0.000000000000000000e+00
4.979999999999999427e-01 0.000000000000000000e+00 0.000000000000000000e+00 0.000000000000000000e+00
5.099999999999998979e-01 0.000000000000000000e+00 0.000000000000000000e+00 0.000000000000000000e+00
5.219999999999999085e-01 0.000000000000000000e+00 0.000000000000000000e+00 0.000000000000000000e+00
5.339999999999999192e-01 0.000000000000000000e+00 0.000000000000000000e+00 0.000000000000000000e+00
5.459999999999999298e-01 0.000000000000000000e+00 0.000000000000000000e+00 0.000000000000000000e+00
5.579999999999999405e-01 0.000000000000000000e+00 0.000000000000000000e+00 0.000000000000000000e+00
5.699999999999999512e-01 0.000000000000000000e+00 0.000000000000000000e+00 0.000000000000000000e+00
5.819999999999999618e-01 0.000000000000000000e+00 0.000000000000000000e+00 0.000000000000000000e+00
5.939999999999999725e-01 0.000000000000000000e+00 0.000000000000000000e+00 0.000000000000000000e+00
6.059999999999999831e-01 0.000000000000000000e+00 0.000000000000000000e+00 0.000000000000000000e+00
6.179999999999998828e-01 0.000000000000000000e+00 0.000000000000000000e+00 0.000000000000000000e+00
6.299999999999998934e-01 0.000000000000000000e+00 0.000000000000000000e+00 0.000000000000000000e+00
6.419999999999999041e-01 0.000000000000000000e+00 0.000000000000000000e+00 0.000000000000000000e+00
6.539999999999999147e-01 0.000000000000000000e+00 0.000000000000000000e+00 0.000000000000000000e+00
6.659999999999999254e-01 0.000000000000000000e+00 0.000000000000000000e+00 0.000000000000000000e+00
6.779999999999999361e-01 0.000000000000000000e+00 0.000000000000000000e+00 0.000000000000000000e+00
6.899999999999999467e-01 0.000000000000000000e+00 0.000000000000000000e+00 0.000000000000000000e+00
7.019999999999999574e-01 0.000000000000000000e+00 0.000000000000000000e+00 0.000000000000000000e+00
7.139999999999999680e-01 0.000000000000000000e+00 0.000000000000000000e+00 0.000000000000000000e+00
7.259999999999998677e-01 0.000000000000000000e+00 0.000000000000000000e+00 0.000000000000000000e+00
7.379999999999998783e-01 0.000000000000000000e+00 0.000000000000000000e+00 0.000000000000000000e+00
7.499999999999998890e-01 0.000000000000000000e+00 0.000000000000000000e+00 0.000000000000000000e+00
7.619999999999998996e-01 0.000000000000000000e+00 0.000000000000000000e+00 0.000000000000000000e+00
7.739999999999999103e-01 0.000000000000000000e+00 0.000000000000000000e+00 0.000000000000000000e+00
7.859999999999999210e-01 0.000000000000000000e+00 0.000000000000000000e+00 0.000000000000000000e+00
7.979999999999999316e-01 0.000000000000000000e+00 0.000000000000000000e+00 0.000000000000000000e+00
8.099999999999999423e-01 0.000000000000000000e+00 0.000000000000000000e+00 0.000000000000000000e+00
8.219999999999999529e-01 0.000000000000000000e+00 0.000000000000000000e+00 0.000000000000000000e+00
8.339999999999998526e-01 0.000000000000000000e+00 0.000000000000000000e+00 0.000000000000000000e+00
8.459999999999998632e-01 0.000000000000000000e+00 0.000000000000000000e+00 0.000000000000000000e+00
8.579999999999998739e-01 0.000000000000000000e+00 0.000000000000000000e+00 0.000000000000000000e+00
8.699999999999998845e-01 0.000000000000000000e+00 2.047593268462821747e-03 0.000000000000000000e+00
8.819999999999998952e-01 0.000000000000000000e+00 1.494192243338837885e-02 0.000000000000000000e+00
8.939999999999999059e-01 0.000000000000000000e+00 1.696741094774571468e-01 0.000000000000000000e+00
9.059999999999999165e-01 0.000000000000000000e+00 9.780388336180428910e-01 0.000000000000000000e+00
9.179999999999999272e-01 0.000000000000000000e+00 3.890546109739728031e+00 0.000000000000000000e+00
9.299999999999999378e-01 0.000000000000000000e+00 1.105879721140369476e+01 0.000000000000000000e+00
9.419999999999998375e-01 0.000000000000000000e+00 2.276629927483286764e+01 0.000000000000000000e+00
9.539999999999998481e-01 0.000000000000000000e+00 3.498417320057043156e+01 0.000000000000000000e+00
9.659999999999998588e-01 0.000000000000000000e+00 4.107021907230965496e+01 0.000000000000000000e+00
9.779999999999998694e-01 0.000000000000000000e+00 3.731560046456363011e+01 0.000000000000000000e+00
9.899999999999998801e-01 0.000000000000000000e+00 2.758730302543259327e+01 0.000000000000000000e+00
1.001999999999999780e+00 0.000000000000000000e+00 1.678254783086680746e+01 0.000000000000000000e+00
1.013999999999999790e+00 0.000000000000000000e+00 8.392808844506484789e+00 0.000000000000000000e+00
1.025999999999999801e+00 0.000000000000000000e+00 3.624745004443955754e+00 0.000000000000000000e+00
1.037999999999999812e+00 0.000000000000000000e+00 1.374422420735410100e+00 0.000000000000000000e+00
1.049999999999999822e+00 0.000000000000000000e+00 4.610835224053289605e-01 0.000000000000000000e+00
1.061999999999999833e+00 0.000000000000000000e+00 1.229867895224883018e-01 0.000000000000000000e+00
1.073999999999999844e+00 0.000000000000000000e+00 4.635484123167837173e-02 0.000000000000000000e+00
1.085999999999999854e+00 0.000000000000000000e+00 6.570448547147098896e-03 0.000000000000000000e+00
1.097999999999999865e+00 0.000000000000000000e+00 1.928285518795442438e-03 0.000000000000000000e+00
1.109999999999999876e+00 0.000000000000000000e+00 0.000000000000000000e+00 0.000000000000000000e+00
1.121999999999999886e+00 0.000000000000000000e+00 0.000000000000000000e+00 0.000000000000000000e+00
1.133999999999999897e+00 0.000000000000000000e+00 0.000000000000000000e+00 0.000000000000000000e+00
1.145999999999999908e+00 0.000000000000000000e+00 0.000000000000000000e+00 0.000000000000000000e+00
1.157999999999999918e+00 0.000000000000000000e+00 0.000000000000000000e+00 0.000000000000000000e+00
1.169999999999999929e+00 0.000000000000000000e+00 0.000000000000000000e+00 0.000000000000000000e+00
1.181999999999999940e+00 0.000000000000000000e+00 0.000000000000000000e+00 0.000000000000000000e+00
1.193999999999999950e+00 0.000000000000000000e+00 0.000000000000000000e+00 0.000000000000000000e+00
1.205999999999999961e+00 0.000000000000000000e+00 0.000000000000000000e+00 0.000000000000000000e+00
1.217999999999999750e+00 0.000000000000000000e+00 0.000000000000000000e+00 0.000000000000000000e+00
1.229999999999999760e+00 0.000000000000000000e+00 0.000000000000000000e+00 0.000000000000000000e+00
1.241999999999999771e+00 0.000000000000000000e+00 0.000000000000000000e+00 0.000000000000000000e+00
1.253999999999999782e+00 0.000000000000000000e+00 0.000000000000000000e+00 0.000000000000000000e+00
1.265999999999999792e+00 0.000000000000000000e+00 0.000000000000000000e+00 0.000000000000000000e+00
1.277999999999999803e+00 0.000000000000000000e+00 0.000000000000000000e+00 0.000000000000000000e+00
1.289999999999999813e+00 0.000000000000000000e+00 0.000000000000000000e+00 0.000000000000000000e+00
1.301999999999999824e+00 0.000000000000000000e+00 0.000000000000000000e+00 4.571240231388614826e-04
1.313999999999999835e+00 0.000000000000000000e+00 0.000000000000000000e+00 4.488129083204543722e-04
1.325999999999999845e+00 0.000000000000000000e+00 0.000000000000000000e+00 1.322179230039732855e-03
1.337999999999999856e+00 0.000000000000000000e+00 0.000000000000000000e+00 2.164282532803583382e-03
1.349999999999999867e+00 0.000000000000000000e+00 0.000000000000000000e+00 7.653519562103612908e-03
1.361999999999999877e+00 0.000000000000000000e+00 0.000000000000000000e+00 1.796265460147978416e-02
1.373999999999999888e+00 0.000000000000000000e+00 0.000000000000000000e+00 2.093403944433009506e-02
1.385999999999999899e+00 0.000000000000000000e+00 4.033944460457039062e-04 6.050916690685542720e-02
1.397999999999999909e+00 0.000000000000000000e+00 3.964989838444624528e-04 9.079826730038183247e-02
1.409999999999999920e+00 0.000000000000000000e+00 3.897788243365392087e-04 1.812471533164910498e-01
1.421999999999999931e+00 0.000000000000000000e+00 1.149684225688643330e-03 3.176960743652951780e-01
1.433999999999999719e+00 0.000000000000000000e+00 4.522093076780187709e-03 4.812260715873583061e-01
1.445999999999999730e+00 0.000000000000000000e+00 4.447349452545641332e-03 7.516020574802131371e-01
1.457999999999999741e+00 0.000000000000000000e+00 6.926202573638014053e-03 1.101995283163564432e+00
1.469999999999999751e+00 0.000000000000000000e+00 1.039968068217100340e-02 1.540945789354786877e+00
1.481999999999999762e+00 0.000000000000000000e+00 1.199607645292816334e-02 2.029806700991052093e+00
1.493999999999999773e+00 0.000000000000000000e+00 2.083084121872002745e-02 2.499700946246400601e+00
1.505999999999999783e+00 0.000000000000000000e+00 2.699192992508987754e-02 2.981412411725749667e+00
1.517999999999999794e+00 0.000000000000000000e+00 3.362894812255522170e-02 3.318840890214977080e+00
1.529999999999999805e+00 0.000000000000000000e+00 5.462078586104238132e-02 3.580144236891958709e+00
1.541999999999999815e+00 0.000000000000000000e+00 7.039501405095419106e-02 3.696390043360753719e+00
1.553999999999999826e+00 0.000000000000000000e+00 8.856537851670297223e-02 3.617382289923155803e+00
1.565999999999999837e+00 0.000000000000000000e+00 1.203922200915886198e-01 3.349178847114820279e+00
1.577999999999999847e+00 0.000000000000000000e+00 1.565348287289767826e-01 2.900406766906690859e+00
1.589999999999999858e+00 0.000000000000000000e+00 1.958680664337598409e-01 2.477930280204243108e+00
1.601999999999999869e+00 0.000000000000000000e+00 2.463894979362812043e-01 1.922502369314096349e+00
1.613999999999999879e+00 0.000000000000000000e+00 2.906327761661951503e-01 1.553412852753200735e+00
1.625999999999999890e+00 0.000000000000000000e+00 3.238756609963631683e-01 1.103522048553220225e+00
1.637999999999999901e+00 0.000000000000000000e+00 3.965517657279082897e-01 7.731748556836192110e-01
1.649999999999999911e+00 0.000000000000000000e+00 4.582633877812401502e-01 5.146212454089952315e-01
1.661999999999999700e+00 0.000000000000000000e+00 5.010448665890218090e-01 3.198158722908654439e-01
1.673999999999999710e+00 0.000000000000000000e+00 5.986930569200148433e-01 1.921901499119680057e-01
1.685999999999999721e+00 0.000000000000000000e+00 6.648962971977950831e-01 1.196758812914443110e-01
1.697999999999999732e+00 0.000000000000000000e+00 7.286373446052551994e-01 6.961160909360415705e-02
1.709999999999999742e+00 0.000000000000000000e+00 8.090807889036342182e-01 3.789667632270534575e-02
1.721999999999999753e+00 0.000000000000000000e+00 8.898322720638626171e-01 2.195180935487945836e-02
1.733999999999999764e+00 0.000000000000000000e+00 9.497223547891009421e-01 1.469041362903084937e-02
1.745999999999999774e+00 0.000000000000000000e+00 9.857725135410635442e-01 1.016784438928380191e-02
1.757999999999999785e+00 0.000000000000000000e+00 1.062124952153795654e+00 9.277295380002466632e-03
1.769999999999999796e+00 0.000000000000000000e+00 1.107135992345108955e+00 1.212012145328650141e-02
1.781999999999999806e+00 0.000000000000000000e+00 1.135956583245667950e+00 1.488578981267149083e-02
1.793999999999999817e+00 0.000000000000000000e+00 1.145369839205273133e+00 2.215136119547721216e-02
1.805999999999999828e+00 0.000000000000000000e+00 1.201238003517047126e+00 2.280831652247558919e-02
1.817999999999999838e+00 0.000000000000000000e+00 1.215208957925644873e+00 2.954202753205313267e-02
1.829999999999999849e+00 0.000000000000000000e+00 1.229636942643396846e+00 3.540354765232209960e-02
1.841999999999999860e+00 0.000000000000000000e+00 1.196995340941717334e+00 4.407939339854071575e-02
1.853999999999999870e+00 0.000000000000000000e+00 1.226639196355120864e+00 5.297927056486913255e-02
1.865999999999999881e+00 0.000000000000000000e+00 1.220037960661137788e+00 6.186985645089339986e-02
1.877999999999999670e+00 0.000000000000000000e+00 1.191532901532898370e+00 7.294650992235339471e-02
1.889999999999999680e+00 0.000000000000000000e+00 1.140221897660884887e+00 8.829343842237058482e-02
1.901999999999999691e+00 0.000000000000000000e+00 1.162080904164731310e+00 9.875010079630251736e-02
1.913999999999999702e+00 0.000000000000000000e+00 1.125978932317623027e+00 1.138036193099532800e-01
1.925999999999999712e+00 0.000000000000000000e+00 1.081074122007798399e+00 1.311912171248112990e-01
1.937999999999999723e+00 0.000000000000000000e+00 1.082170391984969005e+00 1.473154737611570286e-01
1.949999999999999734e+00 0.000000000000000000e+00 1.017332857432866167e+00 1.775033891875056058e-01
1.961999999999999744e+00 0.000000000000000000e+00 9.982833698497736163e-01 1.856054178264749388e-01
1.973999999999999755e+00 0.000000000000000000e+00 9.887683897767975960e-01 2.271064966060140355e-01
1.985999999999999766e+00 0.000000000000000000e+00 9.361860885416345424e-01 2.577704403287770507e-01
1.997999999999999776e+00 0.000000000000000000e+00 9.125508331134212225e-01 2.849658844948954051e-01
2.009999999999999343e+00 0.000000000000000000e+00 8.520091080340247425e-01 3.247301710719505130e-01
2.021999999999999353e+00 0.000000000000000000e+00 8.375669122443536452e-01 3.631541533967360680e-01
2.033999999999999364e+00 0.000000000000000000e+00 7.893151931590612902e-01 3.948449044089467619e-01
2.045999999999999375e+00 0.000000000000000000e+00 7.626825331185687062e-01 4.409489790991336089e-01
2.057999999999999385e+00 0.000000000000000000e+00 7.053286079266843922e-01 4.614367702181836339e-01
2.069999999999999396e+00 0.000000000000000000e+00 7.092915241462959264e-01 5.271761328114362710e-01
2.081999999999999407e+00 0.000000000000000000e+00 6.771835592616152200e-01 5.681334084829506859e-01
2.093999999999999417e+00 0.000000000000000000e+00 6.362196018730196245e-01 6.058224431168643953e-01
2.105999999999999428e+00 0.000000000000000000e+00 5.964920997977964934e-01 6.724950474873219175e-01
2.117999999999999439e+00 0.000000000000000000e+00 5.752415505194823364e-01 7.144741900746482965e-01
2.129999999999999449e+00 0.000000000000000000e+00 5.486233264224819051e-01 7.595666041720968709e-01
2.141999999999999460e+00 0.000000000000000000e+00 5.445202713719393683e-01 7.882370057359923132e-01
2.153999999999999471e+00 0.000000000000000000e+00 5.094087567048186660e-01 8.371005536408371306e-01
2.165999999999999481e+00 0.000000000000000000e+00 4.828029198897612062e-01 8.879741694585547851e-01
2.177999999999999492e+00 0.000000000000000000e+00 4.600180672948635530e-01 9.745979366055250726e-01
2.189999999999999503e+00 0.000000000000000000e+00 4.414184350327041706e-01 1.016134896749880445e+00
2.201999999999999513e+00 0.000000000000000000e+00 4.222369124876552693e-01 1.045044349264488082e+00
2.213999999999999524e+00 0.000000000000000000e+00 4.108743889736875543e-01 1.121328218926652909e+00
2.225999999999999535e+00 0.000000000000000000e+00 3.911302521734085214e-01 1.139297835699032868e+00
2.237999999999999545e+00 0.000000000000000000e+00 3.716301033927066344e-01 1.184667652655268633e+00
2.249999999999999556e+00 0.000000000000000000e+00 3.482366075322482768e-01 1.220129230171230539e+00
2.261999999999999567e+00 0.000000000000000000e+00 3.453088548968989424e-01 1.238265437560106319e+00
2.273999999999999577e+00 0.000000000000000000e+00 3.338814923367892096e-01 1.303456562093983306e+00
2.285999999999999588e+00 0.000000000000000000e+00 3.201535198656759729e-01 1.337556623060858874e+00
2.297999999999999599e+00 0.000000000000000000e+00 3.143239828950812331e-01 1.374103536801840830e+00
2.309999999999999609e+00 0.000000000000000000e+00 3.065648688329201121e-01 1.383099862986607365e+00
2.321999999999999620e+00 0.000000000000000000e+00 2.973679653158072811e-01 1.403335337527086724e+00
2.333999999999999631e+00 0.000000000000000000e+00 2.731226116641366497e-01 1.421233340175203308e+00
2.345999999999999641e+00 0.000000000000000000e+00 2.824444557882930806e-01 1.408139083917606005e+00
2.357999999999999652e+00 0.000000000000000000e+00 2.652218728493150879e-01 1.398860713498987662e+00
2.369999999999999662e+00 5.518505242805051827e-04 2.709586074217280594e-01 1.447503925187765272e+00
2.381999999999999673e+00 0.000000000000000000e+00 2.674159718724948287e-01 1.433365998366617600e+00
2.393999999999999684e+00 1.622524011543793670e-03 2.547362698123756264e-01 1.430390126510149518e+00
2.405999999999999694e+00 1.606379627883184908e-03 2.543434410815043067e-01 1.417228426699939314e+00
2.417999999999999705e+00 3.180950019331266285e-03 2.420172806374538410e-01 1.431294969114929705e+00
2.429999999999999272e+00 6.299221730052768052e-03 2.448822447558012816e-01 1.434910216591604337e+00
2.441999999999999282e+00 1.663324040362345810e-02 2.436509824749531483e-01 1.432537829762069670e+00
2.453999999999999293e+00 1.647096618092454973e-02 2.331671149987136205e-01 1.412514029437565988e+00
2.465999999999999304e+00 2.497630319863481524e-02 2.372748803870311229e-01 1.405554205515010757e+00
2.477999999999999314e+00 4.543161088019110477e-02 2.370015700916635881e-01 1.386547524279609034e+00
2.489999999999999325e+00 5.699337767644709063e-02 2.390972181908836702e-01 1.364966398255432756e+00
2.501999999999999336e+00 9.705093135214688804e-02 2.491881694028979244e-01 1.359084407289825158e+00
2.513999999999999346e+00 1.299671459372729321e-01 2.376191781381467028e-01 1.307273311304911534e+00
2.525999999999999357e+00 1.646839474145594395e-01 2.402248141489663480e-01 1.309091643939184646e+00
2.537999999999999368e+00 2.415676374538308913e-01 2.377179539884316517e-01 1.298546353922638508e+00
2.549999999999999378e+00 3.146167587456537573e-01 2.451388911893216394e-01 1.279918177624362441e+00
2.561999999999999389e+00 3.872343607584832204e-01 2.463896679582170401e-01 1.254261539237230272e+00
2.573999999999999400e+00 4.968504921635617522e-01 2.495948564682295423e-01 1.222242853839268673e+00
2.585999999999999410e+00 6.169348651139373585e-01 2.493696148995476758e-01 1.203973187177651560e+00
2.597999999999999421e+00 7.150371829274962954e-01 2.668186276691560943e-01 1.160385486167023306e+00
2.609999999999999432e+00 8.445303694744792367e-01 2.660771193697207826e-01 1.170216044017237333e+00
2.621999999999999442e+00 1.050080116530526908e+00 2.773987942015488373e-01 1.130335273568927601e+00
2.633999999999999453e+00 1.172331994507067376e+00 2.870515649660025370e-01 1.098949551634432531e+00
2.645999999999999464e+00 1.348997390240556982e+00 2.923122831986635917e-01 1.093874401685873909e+00
2.657999999999999474e+00 1.521115634316938081e+00 2.973568275622454626e-01 1.062521426999435414e+00
2.669999999999999485e+00 1.687048434362113047e+00 3.125170263396312431e-01 1.032012747154245513e+00
2.681999999999999496e+00 1.806003005096663783e+00 3.307342654287020456e-01 1.028077229637167411e+00
2.693999999999999506e+00 1.982996109504057136e+00 3.418885172642682768e-01 1.011464685835232302e+00
2.705999999999999517e+00 2.116147422877605599e+00 3.513507423461514900e-01 9.726700821998427449e-01
2.717999999999999527e+00 2.201979621694250877e+00 3.629406198105039061e-01 9.632611883583418466e-01
2.729999999999999538e+00 2.319912451818133992e+00 3.847111900200370083e-01 9.462855514519908917e-01
2.741999999999999549e+00 2.390763374605118230e+00 3.886691104343811820e-01 9.135940055397387960e-01
2.753999999999999559e+00 2.517510163500046083e+00 4.020455557375268163e-01 9.023802663974174187e-01
2.765999999999999570e+00 2.499360010372689178e+00 4.258108884586965237e-01 9.147236283707157467e-01
2.777999999999999581e+00 2.564169910254476825e+00 4.528667878778074307e-01 9.012149492690293417e-01
2.789999999999999591e+00 2.531806595292295903e+00 4.691886003307875197e-01 8.781482375382722028e-01
2.801999999999999602e+00 2.509772550425572568e+00 4.993290598003367053e-01 8.561336755699000545e-01
2.813999999999999613e+00 2.596843049906818468e+00 5.147495644599737741e-01 8.431715299215094550e-01
2.825999999999999623e+00 2.557758439606334200e+00 5.524020787814442057e-01 8.384518466099524225e-01
2.837999999999999634e+00 2.540792331794671011e+00 5.725634340544557555e-01 8.455196535826868809e-01
2.849999999999999645e+00 2.470975790795102878e+00 6.114472526334296942e-01 8.168530780226879173e-01
2.861999999999999211e+00 2.483978066014138175e+00 6.292252482122185908e-01 8.087876480177808025e-01
2.873999999999999222e+00 2.357827238419148763e+00 6.645109951346023225e-01 8.066448589816904713e-01
2.885999999999999233e+00 2.379197553203856508e+00 7.048647216906157587e-01 8.012532976768191872e-01
2.897999999999999243e+00 2.256192194009564833e+00 7.503416866385482775e-01 7.918632998932639833e-01
2.909999999999999254e+00 2.173199191839470412e+00 7.749137087963891002e-01 7.880912683224493565e-01
2.921999999999999265e+00 2.158290527708150108e+00 8.057738984437741170e-01 7.772750243604961140e-01
2.933999999999999275e+00 2.096382163741347782e+00 8.391650004464472623e-01 7.839828351092157366e-01
2.945999999999999286e+00 2.059337992840593934e+00 8.924333696861658227e-01 7.695731078864492813e-01
2.957999999999999297e+00 1.939573616559453928e+00 9.386119264062601220e-01 7.776007467302294973e-01
2.969999999999999307e+00 1.881060800617496698e+00 9.699604100325881495e-01 7.691335377081158775e-01
2.981999999999999318e+00 1.824470868496626652e+00 1.020382565878248160e+00 7.633915173877744431e-01
2.993999999999999329e+00 1.751436336493254142e+00 1.034609579227605103e+00 7.575437619294376201e-01
3.005999999999999339e+00 1.662012674813324820e+00 1.080822793636343482e+00 7.669442389502347801e-01
3.017999999999999350e+00 1.602199125859266937e+00 1.127716090339028199e+00 7.684294023343720692e-01
3.029999999999999361e+00 1.582105859301065953e+00 1.166912799020339397e+00 7.611732095164860379e-01
3.041999999999999371e+00 1.512369294615417248e+00 1.205875849527244359e+00 7.647262679085274906e-01
3.053999999999999382e+00 1.457303650621529112e+00 1.228571783451570365e+00 7.848170059162452583e-01
3.065999999999999392e+00 1.476914268855835877e+00 1.261180587141407905e+00 7.800046222323021583e-01
3.077999999999999403e+00 1.381990977769931295e+00 1.296352687421616245e+00 7.745071359199503513e-01
3.089999999999999414e+00 1.381017113067719793e+00 1.354396660958750997e+00 7.811641815512934128e-01
3.101999999999999424e+00 1.294973865689312165e+00 1.395720899643126511e+00 7.764205870093692230e-01
3.113999999999999435e+00 1.299397046721227245e+00 1.426140202692927295e+00 7.798779691852668616e-01
3.125999999999999446e+00 1.246300093091043726e+00 1.443760466710077628e+00 7.811976467956164294e-01
3.137999999999999456e+00 1.204678428680339364e+00 1.481767058637448509e+00 7.827104554255704949e-01
3.149999999999999467e+00 1.199578493331517892e+00 1.527744432718175505e+00 8.053420197418377224e-01
3.161999999999999478e+00 1.151737864685509427e+00 1.528959142439505703e+00 8.013336327714331020e-01
3.173999999999999488e+00 1.152891428420979025e+00 1.557264943180057593e+00 8.020549055341290590e-01
3.185999999999999499e+00 1.135978110392929397e+00 1.577314767394376593e+00 8.264851494028119250e-01
3.197999999999999510e+00 1.125044286590108689e+00 1.597020368296047987e+00 8.199154246492167397e-01
3.209999999999999520e+00 1.084159778024836651e+00 1.606460669977005207e+00 8.250022728171777509e-01
3.221999999999999531e+00 1.066843023055112027e+00 1.615716291213817435e+00 8.263330720137188612e-01
3.233999999999999542e+00 1.048863838415808214e+00 1.619159470252942157e+00 8.268805055609225185e-01
3.245999999999999552e+00 1.041711552538438168e+00 1.633098349626940671e+00 8.382821431681100055e-01
3.257999999999999563e+00 1.040184417513944082e+00 1.647007331493163695e+00 8.523408951765372166e-01
3.269999999999999574e+00 1.022997906581503136e+00 1.639941883538737155e+00 8.481983209570622684e-01
3.281999999999999584e+00 1.018120707552626181e+00 1.615957273392246263e+00 8.581940305536518432e-01
3.293999999999999595e+00 1.019000785301925838e+00 1.626130423362741606e+00 8.646651603343440406e-01
3.305999999999999162e+00 9.906300313886426956e-01 1.618530085638414162e+00 8.766919795391175940e-01
3.317999999999999172e+00 9.975553333984293891e-01 1.625637907482127220e+00 8.942240301646678935e-01
3.329999999999999183e+00 9.688548122522568917e-01 1.617856156841604109e+00 8.820604039417181408e-01
3.341999999999999194e+00 9.549714636364985410e-01 1.595851397493683654e+00 9.012005478911999656e-01
3.353999999999999204e+00 9.787357605180562192e-01 1.610767052941565414e+00 8.948323148317556264e-01
3.365999999999999215e+00 1.016090276705731377e+00 1.580835660036321810e+00 9.251920552637611372e-01
3.377999999999999226e+00 9.553702216965007654e-01 1.572204720109160681e+00 9.271192967444288335e-01
3.389999999999999236e+00 9.283892337520630589e-01 1.548079606949440246e+00 9.231970510821830844e-01
3.401999999999999247e+00 9.411346595376683943e-01 1.541328960056710828e+00 9.456876729731096276e-01
3.413999999999999257e+00 9.071379125535297128e-01 1.535565613334529678e+00 9.529469144407612946e-01
3.425999999999999268e+00 9.227133810180564444e-01 1.507331797511680227e+00 9.604775520213706397e-01
3.437999999999999279e+00 9.147098798958905874e-01 1.493615286968762668e+00 9.746328178420520238e-01
3.449999999999999289e+00 9.325771546818054647e-01 1.474388595708193472e+00 9.763283308858097254e-01
3.461999999999999300e+00 9.010370801760477777e-01 1.482741343260424616e+00 9.755847088674202139e-01
3.473999999999999311e+00 9.145995702171986208e-01 1.426027931406469662e+00 9.973655661460086863e-01
3.485999999999999321e+00 9.044875976781174831e-01 1.432360435634932871e+00 9.883427295835580662e-01
3.497999999999999332e+00 9.061455943828435888e-01 1.403867024789246409e+00 1.024448639553875662e+00
3.509999999999999343e+00 9.155593011479410404e-01 1.395227838558919631e+00 1.025695625434148939e+00
3.521999999999999353e+00 9.218252740285584057e-01 1.353064083097352377e+00 1.024840310411933686e+00
3.533999999999999364e+00 9.138383000022040070e-01 1.349413046472564437e+00 1.042959531826253006e+00
3.545999999999999375e+00 9.059381439999374397e-01 1.348738522546845120e+00 1.053230127956388928e+00
3.557999999999999385e+00 8.755970511789928912e-01 1.314007711172276549e+00 1.047178324560892770e+00
3.569999999999999396e+00 8.896638402519376765e-01 1.294062022422224567e+00 1.077908731546361576e+00
3.581999999999999407e+00 9.006237882094697556e-01 1.272783376658150001e+00 1.077281820700931592e+00
3.593999999999999417e+00 9.018188444113289792e-01 1.269517600225394727e+00 1.082698555421184539e+00
3.605999999999999428e+00 8.812856211803831163e-01 1.246362420974203022e+00 1.093204181426355337e+00
3.617999999999999439e+00 8.972349068467619926e-01 1.232425197330158984e+00 1.109466837504299752e+00
3.629999999999999449e+00 8.946059022962614682e-01 1.213351891676073713e+00 1.111259080317521963e+00
3.641999999999999460e+00 9.226053050625941943e-01 1.194502790483142673e+00 1.117210058809016582e+00
3.653999999999999471e+00 8.970542760452220321e-01 1.189165700174078522e+00 1.130313925076392056e+00
3.665999999999999481e+00 9.188679423949684955e-01 1.184680016594316099e+00 1.122580319433210683e+00
3.677999999999999492e+00 8.977588105116065531e-01 1.174728172993971809e+00 1.148148279676118655e+00
3.689999999999999503e+00 9.288083848541310861e-01 1.149343463978500068e+00 1.144505920307383739e+00
3.701999999999999513e+00 9.173684852641516008e-01 1.138342107084436394e+00 1.150046697595387801e+00
3.713999999999999524e+00 9.316744817404493118e-01 1.119986883018430301e+00 1.155604443403346115e+00
3.725999999999999535e+00 9.125100169023779850e-01 1.119147653467864822e+00 1.165699730425081793e+00
3.737999999999999101e+00 9.024456513298741989e-01 1.120625419786838828e+00 1.167544607411290958e+00
3.749999999999999112e+00 9.293017938665569799e-01 1.086628443622783546e+00 1.166531645775683801e+00
3.761999999999999122e+00 9.119937236236048683e-01 1.092027066759676535e+00 1.164576999744864505e+00
3.773999999999999133e+00 9.445058481027808206e-01 1.076279647878410239e+00 1.171328709896587661e+00
3.785999999999999144e+00 9.259854431414457077e-01 1.067845894029065379e+00 1.177484992504711281e+00
3.797999999999999154e+00 9.515166879259928656e-01 1.063096416969706803e+00 1.182036002960459298e+00
3.809999999999999165e+00 9.239653059459742579e-01 1.050538089652810037e+00 1.171932653191125162e+00
3.821999999999999176e+00 9.222041645742495852e-01 1.028991841937799467e+00 1.195247470779014831e+00
3.833999999999999186e+00 9.535535025569080725e-01 1.031417198005630587e+00 1.169905977926959384e+00
3.845999999999999197e+00 9.538990594901778364e-01 1.028081894960195086e+00 1.188077925698497905e+00
3.857999999999999208e+00 9.744225544029575525e-01 1.025809339036197532e+00 1.169817288677071021e+00
3.869999999999999218e+00 9.151990055940467661e-01 1.023752121476923849e+00 1.169041515852097701e+00
3.881999999999999229e+00 9.506871253917072995e-01 1.028282693988424645e+00 1.172932352346650164e+00
3.893999999999999240e+00 9.634391296899291746e-01 1.015771066290951818e+00 1.178490681659759121e+00
3.905999999999999250e+00 9.599664889089170039e-01 1.014161422436209214e+00 1.173343167210839866e+00
3.917999999999999261e+00 9.621721485965500920e-01 1.013814441776732744e+00 1.157484008141149934e+00
3.929999999999999272e+00 9.213845676093170844e-01 9.961931273079389637e-01 1.161715218820852158e+00
3.941999999999999282e+00 9.572739792091877753e-01 1.017315543648021903e+00 1.139493145703789123e+00
3.953999999999999293e+00 9.562306895476700985e-01 1.008622138793569878e+00 1.144235199471696385e+00
3.965999999999999304e+00 9.540000795269893974e-01 9.972562285573871588e-01 1.151017551021947138e+00
3.977999999999999314e+00 9.484489881210297346e-01 1.008437113402331331e+00 1.145259008941889034e+00
3.989999999999999325e+00 9.567712412219193663e-01 1.005544378366017622e+00 1.139938222332934625e+00
4.001999999999999780e+00 9.512356265418864254e-01 9.989909451276859365e-01 1.134708947795538547e+00
4.013999999999999346e+00 9.549833337699225044e-01 9.956239923635775702e-01 1.141737981484902242e+00
4.025999999999999801e+00 9.466216123467721122e-01 9.962475332364659764e-01 1.134989751369313460e+00
4.037999999999999368e+00 9.906202550083812453e-01 9.972262910593389096e-01 1.120744907580486283e+00
4.049999999999999822e+00 9.584908250696335674e-01 9.977980197885782943e-01 1.112743217806836382e+00
4.061999999999999389e+00 9.909720129677763722e-01 9.863224286415300801e-01 1.119798374653588890e+00
4.073999999999999844e+00 9.453635575319636608e-01 9.843490657569335944e-01 1.100418495035106581e+00
4.085999999999999410e+00 9.684108025337125891e-01 9.919434078291767820e-01 1.081896443455631740e+00
4.097999999999999865e+00 9.544416847131915738e-01 9.908031258055325363e-01 1.100902616219653796e+00
4.109999999999999432e+00 9.820898708855688719e-01 9.801631250626432479e-01 1.080353907854780582e+00
4.121999999999999886e+00 9.626976061570031717e-01 9.821723019040683456e-01 1.084471464809608321e+00
4.133999999999999453e+00 9.781562857331472793e-01 9.887667331122294012e-01 1.081540131990869513e+00
4.145999999999999908e+00 9.752071203516108344e-01 9.651989851482978278e-01 1.076460596327465602e+00
4.157999999999999474e+00 9.821364647566108719e-01 9.777439230650197821e-01 1.061560790037221036e+00
4.169999999999999929e+00 9.845135843084201754e-01 9.738181624256555535e-01 1.069542188276392469e+00
4.181999999999999496e+00 9.728456810018737411e-01 9.790489236389772199e-01 1.070945532420080282e+00
4.193999999999999950e+00 9.889619740767175982e-01 9.624404528545966730e-01 1.058173452216174759e+00
4.205999999999999517e+00 1.014515792222891566e+00 9.707987472903162329e-01 1.061299162952340946e+00
4.217999999999999972e+00 9.909807614491342731e-01 9.619290663064391511e-01 1.056270852931738835e+00
4.229999999999999538e+00 9.881379300329856674e-01 9.567822208226123282e-01 1.053188033947324742e+00
4.241999999999999993e+00 1.034749185701852481e+00 9.584822967440530528e-01 1.051415072786363814e+00
4.253999999999999559e+00 9.890098108424555390e-01 9.667853524155755052e-01 1.048531963469361283e+00
4.266000000000000014e+00 1.009853886161447445e+00 9.672301831741131339e-01 1.042343282144799765e+00
4.277999999999999581e+00 1.026553334691671537e+00 9.694755465723678967e-01 1.040568726284764045e+00
4.290000000000000036e+00 1.042713546632666688e+00 9.638910721012355909e-01 1.039218746746924049e+00
4.301999999999999602e+00 1.011614217152245532e+00 9.607822775983222430e-01 1.040547388677585339e+00
4.314000000000000057e+00 1.034808223592124987e+00 9.678113447992822138e-01 1.045093014805196896e+00
4.325999999999999623e+00 1.030897187143963611e+00 9.460933054251814411e-01 1.030069024236555331e+00
4.338000000000000078e+00 1.028495986835486597e+00 9.461372434950412469e-01 1.040602722106533262e+00
4.349999999999999645e+00 1.059195166580135350e+00 9.472720150852595999e-01 1.034787483341592429e+00
4.362000000000000099e+00 1.059403093980512356e+00 9.499276397048079801e-01 1.030527313816273383e+00
4.373999999999999666e+00 1.043553090743285727e+00 9.510412424566203615e-01 1.034277603327502959e+00
4.386000000000000121e+00 1.045262696903147992e+00 9.346456410338700449e-01 1.031042805890091785e+00
4.397999999999999687e+00 1.057034121700196394e+00 9.499845775377147028e-01 1.028549007216841504e+00
4.409999999999999254e+00 1.064677545975238671e+00 9.535876882589595649e-01 1.030011772584577434e+00
4.421999999999999709e+00 1.062394368234443887e+00 9.409291810276932955e-01 1.037189846517153402e+00
4.433999999999999275e+00 1.073994546177370335e+00 9.363949072789113925e-01 1.023187919268142787e+00
4.445999999999999730e+00 1.071497888812722010e+00 9.440095551957542463e-01 1.021827618612015653e+00
4.457999999999999297e+00 1.079930353498390838e+00 9.431454141543574865e-01 1.032944648849142721e+00
4.469999999999999751e+00 1.050249397169384258e+00 9.265309489799314902e-01 1.030547525169306589e+00
4.481999999999999318e+00 1.079197034999382465e+00 9.377009410482155527e-01 1.033446116944285453e+00
4.493999999999999773e+00 1.087715000561016554e+00 9.337358733826840451e-01 1.027780937104112002e+00
4.505999999999999339e+00 1.077960033881793178e+00 9.428142868213414962e-01 1.029718230920932065e+00
4.517999999999999794e+00 1.081200815237807200e+00 9.460507133330804397e-01 1.029304694646862695e+00
4.529999999999999361e+00 1.087413185868075560e+00 9.252603792241839153e-01 1.037151102579063400e+00
4.541999999999999815e+00 1.078669801271613382e+00 9.356660426199522318e-01 1.008163351313859035e+00
4.553999999999999382e+00 1.096159320875405241e+00 9.361968838469222343e-01 1.024716158156773860e+00
4.565999999999999837e+00 1.082079243112423983e+00 9.371180914176437948e-01 1.029781719924076855e+00
4.577999999999999403e+00 1.076857618796366989e+00 9.281814587503496305e-01 1.022652383624155892e+00
4.589999999999999858e+00 1.085358581392657173e+00 9.220472047699301843e-01 1.014332845298404173e+00
4.601999999999999424e+00 1.082779267600282314e+00 9.250020236866419721e-01 1.009049873702790201e+00
4.613999999999999879e+00 1.074388038400165168e+00 9.229268435301580809e-01 1.021170959116350474e+00
4.625999999999999446e+00 1.069835197989323250e+00 9.264735154534544659e-01 1.013526176432546944e+00
4.637999999999999901e+00 1.094566884124965167e+00 9.409946544308916971e-01 1.014052238718853083e+00
4.649999999999999467e+00 1.098529586243451650e+00 9.343164006709763214e-01 1.031726142789264111e+00
4.661999999999999922e+00 1.056799281070333052e+00 9.402803859779640394e-01 1.003781044533505362e+00
4.673999999999999488e+00 1.101607670829034547e+00 9.274418521862418663e-01 1.018994189847554965e+00
4.685999999999999943e+00 1.091314553157582967e+00 9.273209323930234893e-01 1.016252269670125497e+00
4.697999999999999510e+00 1.099650257822422317e+00 9.275051360439001691e-01 1.004501720188361702e+00
4.709999999999999964e+00 1.078544506424159222e+00 9.179994050015194418e-01 1.006515785986064282e+00
4.721999999999999531e+00 1.092532006750218887e+00 9.323500491502775267e-01 1.020243338534146726e+00
4.733999999999999986e+00 1.077041690140975172e+00 9.353056593239768013e-01 1.017670925341563670e+00
4.745999999999999552e+00 1.084675450163494759e+00 9.358112446047065491e-01 1.013632098076851618e+00
4.758000000000000007e+00 1.082086442212329969e+00 9.234292658345570892e-01 1.002227285256700018e+00
4.769999999999999574e+00 1.079373491939559226e+00 9.367716741069551656e-01 1.006012059980774698e+00
4.782000000000000028e+00 1.094566718675063832e+00 9.268912968792671903e-01 1.010051257486964227e+00
4.793999999999999595e+00 1.074257942503759944e+00 9.413412818210913358e-01 1.000010736308114545e+00
4.806000000000000050e+00 1.079501829489755815e+00 9.468454945257300803e-01 9.974387553061422329e-01
4.817999999999999616e+00 1.078137143894379202e+00 9.366266363092832226e-01 9.966492578327568186e-01
4.830000000000000071e+00 1.078898585418177403e+00 9.389872294520013041e-01 1.002033704671327685e+00
4.841999999999999638e+00 1.080432513106923897e+00 9.453123432102902290e-01 9.921152200629403950e-01
4.853999999999999204e+00 1.059178461576294028e+00 9.327177366737712250e-01 9.955698680882638651e-01
4.865999999999999659e+00 1.055662681424000660e+00 9.461232780656767538e-01 9.945274542135582596e-01
4.877999999999999226e+00 1.072229792200028120e+00 9.414740330066400098e-01 9.873932410919893377e-01
4.889999999999999680e+00 1.078251470672638712e+00 9.482987056631062561e-01 9.923076470304250662e-01
4.901999999999999247e+00 1.061885303923850277e+00 9.551743445371874142e-01 9.853913795765656403e-01
4.913999999999999702e+00 1.066717900498159066e+00 9.558100465835498438e-01 9.902120197885450059e-01
4.925999999999999268e+00 1.055267764178612566e+00 9.513824586201755640e-01 9.787509513541383654e-01
4.937999999999999723e+00 1.054721464825583599e+00 9.601117926312441320e-01 9.864575831079341883e-01
4.949999999999999289e+00 1.060113798637280835e+00 9.502756356698793816e-01 9.796881008468681928e-01
4.961999999999999744e+00 1.040136983137582405e+00 9.540254246207454658e-01 9.920139667003586847e-01
4.973999999999999311e+00 1.042641526954179998e+00 9.537188132128027185e-01 9.746104828378467921e-01
4.985999999999999766e+00 1.027654034417328388e+00 9.445514605348784842e-01 9.779358778747521130e-01
4.997999999999999332e+00 1.051761611055454404e+00 9.495449254600171196e-01 9.713221980815641698e-01
5.009999999999999787e+00 1.015732448465147320e+00 9.658411525162204914e-01 9.700399249475658570e-01
5.021999999999999353e+00 1.043084899143273292e+00 9.606164217867114719e-01 9.736135029796416651e-01
5.033999999999999808e+00 1.007905146913114169e+00 9.742981154671935817e-01 9.644820489575118838e-01
5.045999999999999375e+00 1.023568908135738864e+00 9.635523201587032904e-01 9.682696483211985505e-01
5.057999999999999829e+00 1.008298072710057891e+00 9.711017847598069075e-01 9.592583412837903944e-01
5.069999999999999396e+00 1.012695378900824617e+00 9.640081010690541019e-01 9.632242811163438390e-01
5.081999999999999851e+00 9.969968050448215768e-01 9.657318877805648460e-01 9.669620812621717576e-01
5.093999999999999417e+00 9.938579671264471393e-01 9.738792718137186943e-01 9.599927347129439958e-01
5.105999999999999872e+00 1.000486836172818306e+00 9.685937174796076521e-01 9.551587783842391266e-01
5.117999999999999439e+00 9.860971397490453372e-01 9.770148217992397077e-01 9.686425221907863925e-01
5.129999999999999893e+00 9.810180839241892103e-01 9.739805247316736247e-01 9.589042472983331233e-01
5.141999999999999460e+00 9.834786400424615493e-01 9.859698691640371715e-01 9.465205233094318160e-01
5.153999999999999915e+00 9.768039263911783010e-01 9.735949778813515199e-01 9.555665217079627460e-01
5.165999999999999481e+00 9.864412036906264891e-01 9.896352615148922283e-01 9.510742725092073968e-01
5.177999999999999936e+00 9.553997015317227115e-01 9.831171602009183275e-01 9.560066531814132018e-01
5.189999999999999503e+00 9.718155055769570616e-01 9.903139475570026384e-01 9.497784813829966977e-01
5.201999999999999957e+00 9.712316494760311336e-01 9.917925742408565393e-01 9.469766309860507825e-01
5.213999999999999524e+00 9.709849236643141035e-01 9.947578636107645700e-01 9.518582537553521572e-01
5.225999999999999979e+00 9.697087567119135887e-01 9.894570389764116847e-01 9.533086027623725034e-01
5.237999999999999545e+00 9.312648284647501162e-01 1.004219367222618731e+00 9.451326869742794345e-01
5.250000000000000000e+00 9.580516025944411096e-01 1.001095886065857643e+00 9.467493152296373449e-01
5.261999999999999567e+00 9.460744312237532316e-01 1.004931209382065260e+00 9.530711951512745861e-01
5.273999999999999133e+00 9.321903146592376288e-01 9.956550348264169292e-01 9.491290986195736190e-01
5.285999999999999588e+00 9.421622502557920331e-01 1.005616483994908439e+00 9.508705672986601520e-01
5.297999999999999154e+00 9.363530317718978813e-01 1.008244271739288322e+00 9.415985523532354184e-01
5.309999999999999609e+00 9.072807521053343205e-01 1.006523172917535458e+00 9.508968478763006882e-01
5.321999999999999176e+00 9.308817870136690820e-01 9.933710299462814586e-01 9.364084188317023383e-01
5.333999999999999631e+00 9.282233052660036066e-01 1.013392151380049899e+00 9.426859395117842544e-01
5.345999999999999197e+00 9.325205881546508868e-01 1.003153762501676871e+00 9.486808076981561033e-01
5.357999999999999652e+00 9.124762742345506883e-01 1.018937238190918526e+00 9.444631510824954557e-01
5.369999999999999218e+00 9.137772542410880217e-01 1.009766324707773943e+00 9.416441820333485424e-01
5.381999999999999673e+00 9.129173365263760775e-01 1.013856180469467239e+00 9.506924883015273053e-01
5.393999999999999240e+00 8.999108958693842197e-01 1.025650192051442700e+00 9.526196582384360845e-01
5.405999999999999694e+00 8.849956045116669223e-01 1.020385931592101336e+00 9.395388678889596834e-01
5.417999999999999261e+00 9.055776027266995154e-01 1.016926901009733708e+00 9.544942100568234444e-01
5.429999999999999716e+00 8.994769100519643956e-01 1.015170498120240072e+00 9.515942169895795777e-01
5.441999999999999282e+00 8.901765438156216126e-01 1.009180744911254424e+00 9.342143781260766611e-01
5.453999999999999737e+00 9.088761753137261090e-01 1.021938620878433346e+00 9.526683345289959082e-01
5.465999999999999304e+00 8.929588649883954954e-01 1.019453589763242185e+00 9.384264172808511884e-01
5.477999999999999758e+00 8.961782369485752353e-01 1.019872731963089363e+00 9.488065001718699598e-01
5.489999999999999325e+00 8.979211593347956599e-01 1.022823833485764888e+00 9.482884583594453076e-01
5.501999999999999780e+00 8.919607598277905502e-01 1.015372045074310892e+00 9.444636733396370998e-01
5.513999999999999346e+00 8.936899018597157518e-01 1.022171843317473794e+00 9.481564578793999498e-01
5.525999999999999801e+00 8.784439141027148290e-01 1.017483497109670898e+00 9.438653495821698325e-01
5.537999999999999368e+00 8.954611086630841488e-01 1.025308022811488362e+00 9.581231727004527743e-01
5.549999999999999822e+00 8.853538935482770933e-01 1.023948307038771377e+00 9.492799063780724689e-01
5.561999999999999389e+00 8.871487796187360608e-01 1.017856435256034642e+00 9.607689022553820291e-01
5.573999999999999844e+00 8.999941067844893228e-01 1.024901835605483535e+00 9.637948197086306790e-01
5.585999999999999410e+00 9.007010423055575865e-01 1.018814369679695409e+00 9.569017277234878049e-01
5.597999999999999865e+00 8.860621453588911622e-01 1.023031843481879033e+00 9.607661457253016124e-01
5.609999999999999432e+00 9.072920814697902347e-01 1.016739359534629239e+00 9.587286087763021714e-01
5.621999999999999886e+00 8.936160140978856026e-01 1.016032189426868459e+00 9.531201313667498898e-01
5.633999999999999453e+00 8.747748489757547485e-01 1.014613829075474261e+00 9.603920457651607956e-01
5.645999999999999908e+00 8.912858692691151274e-01 1.014754146871608587e+00 9.670344719486527740e-01
5.657999999999999474e+00 9.012585647959047153e-01 1.019773872414103000e+00 9.642924416418587885e-01
5.669999999999999929e+00 8.721865454299839726e-01 1.011026764910325726e+00 9.725564540959816817e-01
5.681999999999999496e+00 8.908767683517854197e-01 1.017729977769265215e+00 9.830463661120739660e-01
5.693999999999999950e+00 8.912367608905755745e-01 1.010576632890324067e+00 9.768756075509198444e-01
5.705999999999999517e+00 8.868256458486779570e-01 1.011757149205084083e+00 9.627270678726023156e-01
5.717999999999999083e+00 8.966644002842376615e-01 1.002490329319686513e+00 9.807800155466811498e-01
5.729999999999999538e+00 8.947064275085182539e-01 1.013707952450429328e+00 9.784464930566940666e-01
5.741999999999999105e+00 8.967055609211724843e-01 1.014763645228863753e+00 9.759828689780791766e-01
5.753999999999999559e+00 9.114128820492094496e-01 1.013601599127454955e+00 9.880427170730697872e-01
5.765999999999999126e+00 8.971811332667811723e-01 1.007032912365979582e+00 9.740983560606186753e-01
5.777999999999999581e+00 9.011646248623224054e-01 1.006103973435435339e+00 9.794571315504676523e-01
5.789999999999999147e+00 9.229525243025201720e-01 9.978696033263727561e-01 9.796777671055226788e-01
5.801999999999999602e+00 9.130614220128269176e-01 1.007834361565741466e+00 9.729822288275550290e-01
5.813999999999999169e+00 9.144314201164448486e-01 1.008974018806783501e+00 9.829541716890495273e-01
5.825999999999999623e+00 9.237274558821807480e-01 1.004022796028935627e+00 9.895938352746709299e-01
5.837999999999999190e+00 9.149318070464178554e-01 9.960342363638767793e-01 9.915323353252296634e-01
5.849999999999999645e+00 9.314708381627569977e-01 1.005878004007826565e+00 9.939447792968254536e-01
5.861999999999999211e+00 9.334342227864067532e-01 9.987872469851655222e-01 9.861586432752604825e-01
5.873999999999999666e+00 9.310616705931092918e-01 1.003536969970858728e+00 9.919031908950359799e-01
5.885999999999999233e+00 9.234219453048051474e-01 9.949757386152906502e-01 1.002670175907821815e+00
5.897999999999999687e+00 9.475585377317711222e-01 1.001668460812231709e+00 9.931810665373631553e-01
5.909999999999999254e+00 9.217944733850749195e-01 1.000245066864656751e+00 9.924133192689863492e-01
5.921999999999999709e+00 9.382144621754069380e-01 9.941626255816267133e-01 9.984272367733336706e-01
5.933999999999999275e+00 9.353039879453501904e-01 9.922364918704004166e-01 1.005594833533525190e+00
5.945999999999999730e+00 9.558182090166907896e-01 9.947672311553508173e-01 1.009956692236999798e+00
5.957999999999999297e+00 9.326739563062843574e-01 9.936239068260662721e-01 9.951520216313605172e-01
5.969999999999999751e+00 9.383210601304199372e-01 9.902857309458732438e-01 1.003961788662576016e+00
5.981999999999999318e+00 9.482464694417166440e-01 9.898031739008977814e-01 1.001085635090702253e+00
5.993999999999999773e+00 9.588614298574420491e-01 9.877420186323908613e-01 9.956146212484151548e-01
