6.000000000000000125e-03 0.000000000000000000e+00 0.000000000000000000e+00 0.000000000000000000e+00
1.799999999999999864e-02 0.000000000000000000e+00 0.000000000000000000e+00 0.000000000000000000e+00
2.999999999999999889e-02 0.000000000000000000e+00 0.000000000000000000e+00 0.000000000000000000e+00
4.199999999999999567e-02 0.000000000000000000e+00 0.000000000000000000e+00 0.000000000000000000e+00
5.399999999999999245e-02 0.000000000000000000e+00 0.000000000000000000e+00 0.000000000000000000e+00
6.599999999999998923e-02 0.000000000000000000e+00 0.000000000000000000e+00 0.000000000000000000e+00
7.799999999999999989e-02 0.000000000000000000e+00 0.000000000000000000e+00 0.000000000000000000e+00
8.999999999999999667e-02 0.000000000000000000e+00 0.000000000000000000e+00 0.000000000000000000e+00
1.019999999999999934e-01 0.000000000000000000e+00 0.000000000000000000e+00 0.000000000000000000e+00
1.139999999999999902e-01 0.000000000000000000e+00 0.000000000000000000e+00 0.000000000000000000e+00
1.259999999999999731e-01 0.000000000000000000e+00 0.000000000000000000e+00 0.000000000000000000e+00
1.379999999999999838e-01 0.000000000000000000e+00 0.000000000000000000e+00 0.000000000000000000e+00
1.499999999999999944e-01 0.000000000000000000e+00 0.000000000000000000e+00 0.000000000000000000e+00
1.619999999999999774e-01 0.000000000000000000e+00 0.000000000000000000e+00 0.000000000000000000e+00
1.739999999999999880e-01 0.000000000000000000e+00 0.000000000000000000e+00 0.000000000000000000e+00
1.859999999999999709e-01 0.000000000000000000e+00 0.000000000000000000e+00 0.000000000000000000e+00
1.979999999999999816e-01 0.000000000000000000e+00 0.000000000000000000e+00 0.000000000000000000e+00
2.099999999999999922e-01 0.000000000000000000e+00 0.000000000000000000e+00 0.000000000000000000e+00
2.219999999999999751e-01 0.000000000000000000e+00 0.000000000000000000e+00 0.000000000000000000e+00
2.339999999999999858e-01 0.000000000000000000e+00 0.000000000000000000e+00 0.000000000000000000e+00
2.459999999999999687e-01 0.000000000000000000e+00 0.000000000000000000e+00 0.000000000000000000e+00
2.579999999999999516e-01 0.000000000000000000e+00 0.000000000000000000e+00 0.000000000000000000e+00
2.699999999999999623e-01 0.000000000000000000e+00 0.000000000000000000e+00 0.000000000000000000e+00
2.819999999999999729e-01 0.000000000000000000e+00 0.000000000000000000e+00 0.000000000000000000e+00
2.939999999999999836e-01 0.000000000000000000e+00 0.000000000000000000e+00 0.000000000000000000e+00
3.059999999999999942e-01 0.000000000000000000e+00 0.000000000000000000e+00 0.000000000000000000e+00
3.179999999999999494e-01 0.000000000000000000e+00 0.000000000000000000e+00 0.000000000000000000e+00
3.299999999999999600e-01 0.000000000000000000e+00 0.000000000000000000e+00 0.000000000000000000e+00
3.419999999999999707e-01 0.000000000000000000e+00 0.000000000000000000e+00 0.000000000000000000e+00
3.539999999999999813e-01 0.000000000000000000e+00 0.000000000000000000e+00 0.000000000000000000e+00
3.659999999999999365e-01 0.000000000000000000e+00 0.000000000000000000e+00 0.000000000000000000e+00
3.779999999999999472e-01 0.000000000000000000e+00 0.000000000000000000e+00 0.000000000000000000e+00
3.899999999999999578e-01 0.000000000000000000e+00 0.000000000000000000e+00 0.000000000000000000e+00
4.019999999999999685e-01 0.000000000000000000e+00 0.000000000000000000e+00 0.000000000000000000e+00
4.139999999999999791e-01 0.000000000000000000e+00 0.000000000000000000e+00 0.000000000000000000e+00
4.259999999999999343e-01 0.000000000000000000e+00 0.000000000000000000e+00 0.000000000000000000e+00
4.379999999999999449e-01 0.000000000000000000e+00 0.000000000000000000e+00 0.000000000000000000e+00
4.499999999999999556e-01 0.000000000000000000e+00 0.000000000000000000e+00 0.000000000000000000e+00
4.619999999999999662e-01 0.000000000000000000e+00 0.000000000000000000e+00 0.000000000000000000e+00
4.739999999999999214e-01 0.000000000000000000e+00 0.000000000000000000e+00 0.000000000000000000e+00
4.859999999999999321e-01 0.000000000000000000e+00 0.000000000000000000e+00 0.000000000000000000e+00
4.979999999999999427e-01 0.000000000000000000e+00 0.000000000000000000e+00 0.000000000000000000e+00
5.099999999999998979e-01 0.000000000000000000e+00 0.000000000000000000e+00 0.000000000000000000e+00
5.219999999999999085e-01 0.000000000000000000e+00 0.000000000000000000e+00 0.000000000000000000e+00
5.339999999999999192e-01 0.000000000000000000e+00 0.000000000000000000e+00 0.000000000000000000e+00
5.459999999999999298e-01 0.000000000000000000e+00 0.000000000000000000e+00 0.000000000000000000e+00
5.579999999999999405e-01 0.000000000000000000e+00 0.000000000000000000e+00 0.000000000000000000e+00
5.699999999999999512e-01 0.000000000000000000e+00 0.000000000000000000e+00 0.000000000000000000e+00
5.819999999999999618e-01 0.000000000000000000e+00 0.000000000000000000e+00 0.000000000000000000e+00
5.939999999999999725e-01 0.000000000000000000e+00 0.000000000000000000e+00 0.000000000000000000e+00
6.059999999999999831e-01 0.000000000000000000e+00 0.000000000000000000e+00 0.000000000000000000e+00
6.179999999999998828e-01 0.000000000000000000e+00 0.000000000000000000e+00 0.000000000000000000e+00
6.299999999999998934e-01 0.000000000000000000e+00 0.000000000000000000e+00 0.000000000000000000e+00
6.419999999999999041e-01 0.000000000000000000e+00 0.000000000000000000e+00 0.000000000000000000e+00
6.539999999999999147e-01 0.000000000000000000e+00 0.000000000000000000e+00 0.000000000000000000e+00
6.659999999999999254e-01 0.000000000000000000e+00 0.000000000000000000e+00 0.000000000000000000e+00
6.779999999999999361e-01 0.000000000000000000e+00 0.000000000000000000e+00 0.000000000000000000e+00
6.899999999999999467e-01 0.000000000000000000e+00 0.000000000000000000e+00 0.000000000000000000e+00
7.019999999999999574e-01 0.000000000000000000e+00 0.000000000000000000e+00 0.000000000000000000e+00
7.139999999999999680e-01 0.000000000000000000e+00 0.000000000000000000e+00 0.000000000000000000e+00
7.259999999999998677e-01 0.000000000000000000e+00 0.000000000000000000e+00 0.000000000000000000e+00
7.379999999999998783e-01 0.000000000000000000e+00 0.000000000000000000e+00 0.000000000000000000e+00
7.499999999999998890e-01 0.000000000000000000e+00 0.000000000000000000e+00 0.000000000000000000e+00
7.619999999999998996e-01 0.000000000000000000e+00 0.000000000000000000e+00 0.000000000000000000e+00
7.739999999999999103e-01 0.000000000000000000e+00 0.000000000000000000e+00 0.000000000000000000e+00
7.859999999999999210e-01 0.000000000000000000e+00 0.000000000000000000e+00 0.000000000000000000e+00
7.979999999999999316e-01 0.000000000000000000e+00 0.000000000000000000e+00 0.000000000000000000e+00
8.099999999999999423e-01 0.000000000000000000e+00 0.000000000000000000e+00 0.000000000000000000e+00
8.219999999999999529e-01 0.000000000000000000e+00 0.000000000000000000e+00 0.000000000000000000e+00
8.339999999999998526e-01 0.000000000000000000e+00 0.000000000000000000e+00 0.000000000000000000e+00
8.459999999999998632e-01 0.000000000000000000e+00 0.000000000000000000e+00 0.000000000000000000e+00
8.579999999999998739e-01 0.000000000000000000e+00 0.000000000000000000e+00 0.000000000000000000e+00
8.699999999999998845e-01 0.000000000000000000e+00 1.023796634231410874e-03 0.000000000000000000e+00
8.819999999999998952e-01 0.000000000000000000e+00 2.390707589342142003e-02 0.000000000000000000e+00
8.939999999999999059e-01 0.000000000000000000e+00 1.754915075166842975e-01 0.000000000000000000e+00
9.059999999999999165e-01 0.000000000000000000e+00 9.940877333974893482e-01 0.000000000000000000e+00
9.179999999999999272e-01 0.000000000000000000e+00 3.905258645252806193e+00 0.000000000000000000e+00
9.299999999999999378e-01 0.000000000000000000e+00 1.100145596360899347e+01 0.000000000000000000e+00
9.419999999999998375e-01 0.000000000000000000e+00 2.241524241604949452e+01 0.000000000000000000e+00
9.539999999999998481e-01 0.000000000000000000e+00 3.510678128421726996e+01 0.000000000000000000e+00
9.659999999999998588e-01 0.000000000000000000e+00 4.127367265163544374e+01 0.000000000000000000e+00
9.779999999999998694e-01 0.000000000000000000e+00 3.748006488833109984e+01 0.000000000000000000e+00
9.899999999999998801e-01 0.000000000000000000e+00 2.775333918373079101e+01 0.000000000000000000e+00
1.001999999999999780e+00 0.000000000000000000e+00 1.657878621261125929e+01 0.000000000000000000e+00
1.013999999999999790e+00 0.000000000000000000e+00 8.345327975504689633e+00 0.000000000000000000e+00
1.025999999999999801e+00 0.000000000000000000e+00 3.626953419353244445e+00 0.000000000000000000e+00
1.037999999999999812e+00 0.000000000000000000e+00 1.337023171191590531e+00 0.000000000000000000e+00
1.049999999999999822e+00 0.000000000000000000e+00 4.428088706026787613e-01 0.000000000000000000e+00
1.061999999999999833e+00 0.000000000000000000e+00 1.346670991419426089e-01 0.000000000000000000e+00
1.073999999999999844e+00 0.000000000000000000e+00 4.098036688597652549e-02 0.000000000000000000e+00
1.085999999999999854e+00 0.000000000000000000e+00 9.198627966005939322e-03 0.000000000000000000e+00
1.097999999999999865e+00 0.000000000000000000e+00 1.928285518795442438e-03 0.000000000000000000e+00
1.109999999999999876e+00 0.000000000000000000e+00 3.773637257048220641e-03 0.000000000000000000e+00
1.121999999999999886e+00 0.000000000000000000e+00 0.000000000000000000e+00 0.000000000000000000e+00
1.133999999999999897e+00 0.000000000000000000e+00 0.000000000000000000e+00 0.000000000000000000e+00
1.145999999999999908e+00 0.000000000000000000e+00 0.000000000000000000e+00 0.000000000000000000e+00
1.157999999999999918e+00 0.000000000000000000e+00 0.000000000000000000e+00 0.000000000000000000e+00
1.169999999999999929e+00 0.000000000000000000e+00 0.000000000000000000e+00 0.000000000000000000e+00
1.181999999999999940e+00 0.000000000000000000e+00 0.000000000000000000e+00 0.000000000000000000e+00
1.193999999999999950e+00 0.000000000000000000e+00 0.000000000000000000e+00 0.000000000000000000e+00
1.205999999999999961e+00 0.000000000000000000e+00 0.000000000000000000e+00 0.000000000000000000e+00
1.217999999999999750e+00 0.000000000000000000e+00 0.000000000000000000e+00 0.000000000000000000e+00
1.229999999999999760e+00 0.000000000000000000e+00 0.000000000000000000e+00 0.000000000000000000e+00
1.241999999999999771e+00 0.000000000000000000e+00 0.000000000000000000e+00 0.000000000000000000e+00
1.253999999999999782e+00 0.000000000000000000e+00 0.000000000000000000e+00 0.000000000000000000e+00
1.265999999999999792e+00 0.000000000000000000e+00 0.000000000000000000e+00 0.000000000000000000e+00
1.277999999999999803e+00 0.000000000000000000e+00 0.000000000000000000e+00 0.000000000000000000e+00
1.289999999999999813e+00 0.000000000000000000e+00 0.000000000000000000e+00 4.656681509473892190e-04
1.301999999999999824e+00 0.000000000000000000e+00 0.000000000000000000e+00 0.000000000000000000e+00
1.313999999999999835e+00 0.000000000000000000e+00 0.000000000000000000e+00 4.488129083204543722e-04
1.325999999999999845e+00 0.000000000000000000e+00 0.000000000000000000e+00 1.322179230039732855e-03
1.337999999999999856e+00 0.000000000000000000e+00 0.000000000000000000e+00 3.462852052485733412e-03
1.349999999999999867e+00 0.000000000000000000e+00 0.000000000000000000e+00 3.826759781051806454e-03
1.361999999999999877e+00 0.000000000000000000e+00 0.000000000000000000e+00 1.587397383386585786e-02
1.373999999999999888e+00 0.000000000000000000e+00 0.000000000000000000e+00 2.996440940070778380e-02
1.385999999999999899e+00 0.000000000000000000e+00 4.033944460457039062e-04 5.526503910826131155e-02
1.397999999999999909e+00 0.000000000000000000e+00 7.929979676889249056e-04 9.515975612267095485e-02
1.409999999999999920e+00 0.000000000000000000e+00 1.169336473009617572e-03 1.898222874518948056e-01
1.421999999999999931e+00 0.000000000000000000e+00 2.682596526606834293e-03 3.242109516441973871e-01
1.433999999999999719e+00 0.000000000000000000e+00 3.014728717853458473e-03 4.672829512672860286e-01
1.445999999999999730e+00 0.000000000000000000e+00 3.706124543788034010e-03 7.530845072977281340e-01
1.457999999999999741e+00 0.000000000000000000e+00 6.561665596078119535e-03 1.095069080589926580e+00
1.469999999999999751e+00 0.000000000000000000e+00 8.965241967388798069e-03 1.510105356986968905e+00
1.481999999999999762e+00 0.000000000000000000e+00 1.376020534306465586e-02 1.970179144504436763e+00
1.493999999999999773e+00 0.000000000000000000e+00 2.291392534059203540e-02 2.481300369836531683e+00
1.505999999999999783e+00 0.000000000000000000e+00 2.904194991940050111e-02 2.963645571775057164e+00
1.517999999999999794e+00 0.000000000000000000e+00 3.161121123520192061e-02 3.426117234725925442e+00
1.529999999999999805e+00 0.000000000000000000e+00 5.064836507114840736e-02 3.550351080967753870e+00
1.541999999999999815e+00 0.000000000000000000e+00 7.072091689378270929e-02 3.666732884663364000e+00
1.553999999999999826e+00 0.000000000000000000e+00 9.305782525305743291e-02 3.555129813719387855e+00
1.565999999999999837e+00 0.000000000000000000e+00 1.219721704864913658e-01 3.358026569326274302e+00
1.577999999999999847e+00 0.000000000000000000e+00 1.509331847585561326e-01 2.908498030419522706e+00
1.589999999999999858e+00 0.000000000000000000e+00 1.823810634242364337e-01 2.507662991384326023e+00
1.601999999999999869e+00 0.000000000000000000e+00 2.309901543152636516e-01 1.987723118767817931e+00
1.613999999999999879e+00 0.000000000000000000e+00 2.736767186007161845e-01 1.497785084950662648e+00
1.625999999999999890e+00 0.000000000000000000e+00 3.438064709038318179e-01 1.134297563851517365e+00
1.637999999999999901e+00 0.000000000000000000e+00 3.893312310278367327e-01 7.798177476076849635e-01
1.649999999999999911e+00 0.000000000000000000e+00 4.528553105341322493e-01 5.149058810535792619e-01
1.661999999999999700e+00 0.000000000000000000e+00 5.327459135792563805e-01 3.318791025614856727e-01
1.673999999999999710e+00 0.000000000000000000e+00 5.845898948401441197e-01 2.057402468122361550e-01
1.685999999999999721e+00 0.000000000000000000e+00 6.531740582558089869e-01 1.278541875300395481e-01
1.697999999999999732e+00 0.000000000000000000e+00 7.192303704034177514e-01 6.665513148731211368e-02
1.709999999999999742e+00 0.000000000000000000e+00 7.960952144993498347e-01 4.134182871567854134e-02
1.721999999999999753e+00 0.000000000000000000e+00 8.770270499401823239e-01 2.169047829113089632e-02
1.733999999999999764e+00 0.000000000000000000e+00 9.236919727446781803e-01 1.572131984861196291e-02
1.745999999999999774e+00 0.000000000000000000e+00 1.013225693392130422e+00 9.659452169819608691e-03
1.757999999999999785e+00 0.000000000000000000e+00 1.031785688884058638e+00 7.020655963245110188e-03
1.769999999999999796e+00 0.000000000000000000e+00 1.112330330110804066e+00 1.187277203587249266e-02
1.781999999999999806e+00 0.000000000000000000e+00 1.139372994022346930e+00 1.220146705956679477e-02
1.793999999999999817e+00 0.000000000000000000e+00 1.165594995079405560e+00 1.420576424492562065e-02
1.805999999999999828e+00 0.000000000000000000e+00 1.202188350038817299e+00 2.423383630513031503e-02
1.817999999999999838e+00 0.000000000000000000e+00 1.263742288871159802e+00 3.282447503561457952e-02
1.829999999999999849e+00 0.000000000000000000e+00 1.209736909322483456e+00 3.563494338861177696e-02
1.841999999999999860e+00 0.000000000000000000e+00 1.220519576796897265e+00 3.631411165993762152e-02
1.853999999999999870e+00 0.000000000000000000e+00 1.220777660037305923e+00 5.478282020111999856e-02
1.865999999999999881e+00 0.000000000000000000e+00 1.224934136351495173e+00 6.008942892712666739e-02
1.877999999999999670e+00 0.000000000000000000e+00 1.186479378255144157e+00 7.690144118320388356e-02
1.889999999999999680e+00 0.000000000000000000e+00 1.210726486081696640e+00 8.655794086124282694e-02
1.901999999999999691e+00 0.000000000000000000e+00 1.176218662630145406e+00 1.049621461826209107e-01
1.913999999999999702e+00 0.000000000000000000e+00 1.119633005590302099e+00 1.061885072371683142e-01
1.925999999999999712e+00 0.000000000000000000e+00 1.116169861620806225e+00 1.309823139128289959e-01
1.937999999999999723e+00 0.000000000000000000e+00 1.061331648497746638e+00 1.559810898647544242e-01
1.949999999999999734e+00 0.000000000000000000e+00 1.053607947301265835e+00 1.832095830993887009e-01
1.961999999999999744e+00 0.000000000000000000e+00 1.042973611452243210e+00 1.948655579783380720e-01
1.973999999999999755e+00 0.000000000000000000e+00 9.987117565283740728e-01 2.199472725448787802e-01
1.985999999999999766e+00 0.000000000000000000e+00 9.593697104614485882e-01 2.558057266067589319e-01
1.997999999999999776e+00 0.000000000000000000e+00 9.094449379145664869e-01 2.900129641930337954e-01
2.009999999999999343e+00 0.000000000000000000e+00 8.943985751379244231e-01 3.274154766803425987e-01
2.021999999999999353e+00 0.000000000000000000e+00 8.498868600370399484e-01 3.642913793468305350e-01
2.033999999999999364e+00 0.000000000000000000e+00 8.112302092007341869e-01 3.942829809206982450e-01
2.045999999999999375e+00 0.000000000000000000e+00 7.737895602999070865e-01 4.192902760955239949e-01
2.057999999999999385e+00 0.000000000000000000e+00 7.594861352798096821e-01 4.656449564652169748e-01
2.069999999999999396e+00 0.000000000000000000e+00 7.181531469619936159e-01 5.349526589558244449e-01
2.081999999999999407e+00 0.000000000000000000e+00 6.721779785701362808e-01 5.667032425710989418e-01
2.093999999999999417e+00 0.000000000000000000e+00 6.353359635370846581e-01 6.082966304574820571e-01
2.105999999999999428e+00 0.000000000000000000e+00 6.027819989169295178e-01 6.323095808928599348e-01
2.117999999999999439e+00 0.000000000000000000e+00 5.550303609066358224e-01 7.089463433429301631e-01
2.129999999999999449e+00 0.000000000000000000e+00 5.527226289860373010e-01 7.532468460532831811e-01
2.141999999999999460e+00 0.000000000000000000e+00 5.428313127138377769e-01 8.064777592434886344e-01
2.153999999999999471e+00 0.000000000000000000e+00 5.059013521504572841e-01 8.511301718582811038e-01
2.165999999999999481e+00 0.000000000000000000e+00 4.892446967887349452e-01 9.077950214553972552e-01
2.177999999999999492e+00 0.000000000000000000e+00 4.418852528524881973e-01 9.656132087286722898e-01
2.189999999999999503e+00 0.000000000000000000e+00 4.267152587559923105e-01 1.019851084160478427e+00
2.201999999999999513e+00 0.000000000000000000e+00 4.351821017047252660e-01 1.023788668204359764e+00
2.213999999999999524e+00 0.000000000000000000e+00 3.955397157415030396e-01 1.090658872462284101e+00
2.225999999999999535e+00 0.000000000000000000e+00 3.856566180966116697e-01 1.138046719338622559e+00
2.237999999999999545e+00 0.000000000000000000e+00 3.753433100877210937e-01 1.181263879851506493e+00
2.249999999999999556e+00 0.000000000000000000e+00 3.546655910559202152e-01 1.207577405196441411e+00
2.261999999999999567e+00 0.000000000000000000e+00 3.288006684127924295e-01 1.275825348092751943e+00
2.273999999999999577e+00 0.000000000000000000e+00 3.188957880128759359e-01 1.290418999332178851e+00
2.285999999999999588e+00 0.000000000000000000e+00 3.091802171931142817e-01 1.318872350942712490e+00
2.297999999999999599e+00 0.000000000000000000e+00 2.973017690688302128e-01 1.357521552643509599e+00
2.309999999999999609e+00 0.000000000000000000e+00 2.895738268369696389e-01 1.372498614561784125e+00
2.321999999999999620e+00 0.000000000000000000e+00 2.860136544120136515e-01 1.401179455709909982e+00
2.333999999999999631e+00 0.000000000000000000e+00 2.771056497509054584e-01 1.404020925585953039e+00
2.345999999999999641e+00 0.000000000000000000e+00 2.658300760360405302e-01 1.436439849427799675e+00
2.357999999999999652e+00 5.574816034667682803e-04 2.528179071721792792e-01 1.467849061928002463e+00
2.369999999999999662e+00 5.518505242805051827e-04 2.497123622369284146e-01 1.453988168848061813e+00
2.381999999999999673e+00 5.463043347752712586e-04 2.491147766575231848e-01 1.448799095824019334e+00
2.393999999999999684e+00 3.245048023087587340e-03 2.409448157142533298e-01 1.471088437133039939e+00
2.405999999999999694e+00 1.070919751922123344e-03 2.443035684072344671e-01 1.461671596404708451e+00
2.417999999999999705e+00 4.241266692441688670e-03 2.348601430939585288e-01 1.433680681629429854e+00
2.429999999999999272e+00 1.049870288342127748e-02 2.342523080863373741e-01 1.437534892312459789e+00
2.441999999999999282e+00 1.403429659055729396e-02 2.193508578227846284e-01 1.444363024111520621e+00
2.453999999999999293e+00 1.698568387407843952e-02 2.281486174904630293e-01 1.424095177533529544e+00
2.465999999999999304e+00 2.701518509240093124e-02 2.182877927513339478e-01 1.404662194686489451e+00
2.477999999999999314e+00 3.987885843927880397e-02 2.303130273787464821e-01 1.399041217271662418e+00
2.489999999999999325e+00 5.999302913310222002e-02 2.121003550809881233e-01 1.355467501976026723e+00
2.501999999999999336e+00 9.655577353912565830e-02 2.199738584346495607e-01 1.342991778366636746e+00
2.513999999999999346e+00 1.427186395009299447e-01 2.269520633300875223e-01 1.322722236199342261e+00
2.525999999999999357e+00 1.637123607041490736e-01 2.179997681483289429e-01 1.302290536966311585e+00
2.537999999999999368e+00 2.280937453249319846e-01 2.246049696844139576e-01 1.293373341766007600e+00
2.549999999999999378e+00 2.965024605148434134e-01 2.316723405308903638e-01 1.241544466898566013e+00
2.561999999999999389e+00 4.042348936698312301e-01 2.341115053000211998e-01 1.223802251104400218e+00
2.573999999999999400e+00 4.757975052074783773e-01 2.263196097778931992e-01 1.214172542172769598e+00
2.585999999999999410e+00 6.081281315022426526e-01 2.378976855895778841e-01 1.189720184095566680e+00
2.597999999999999421e+00 7.623389361975881906e-01 2.404123090960468556e-01 1.160041055924767139e+00
2.609999999999999432e+00 8.686468078269294901e-01 2.549289544709467670e-01 1.147237173511601593e+00
2.621999999999999442e+00 1.055941448224343437e+00 2.624073112154431398e-01 1.090884002552860998e+00
2.633999999999999453e+00 1.164290082959381634e+00 2.739834587010133715e-01 1.073148418752273958e+00
2.645999999999999464e+00 1.340585525975847458e+00 2.824615474149900773e-01 1.066646525250103172e+00
2.657999999999999474e+00 1.518483187300525561e+00 2.764069367232970809e-01 1.044094297884548883e+00
2.669999999999999485e+00 1.660525250213637616e+00 2.901245020175567402e-01 1.001902411051261543e+00
2.681999999999999496e+00 1.807295777469675624e+00 2.985226871345060262e-01 9.954347272186337969e-01
2.693999999999999506e+00 1.934307426220950532e+00 3.270470107371811763e-01 9.607473074153302095e-01
2.705999999999999517e+00 2.087362060854065060e+00 3.414028598821341465e-01 9.539384311771711422e-01
2.717999999999999527e+00 2.212888819515142824e+00 3.507726683948914070e-01 9.338902711482429675e-01
2.729999999999999538e+00 2.287471940659686620e+00 3.668273184839707657e-01 9.208114321128256785e-01
2.741999999999999549e+00 2.414262859404653572e+00 3.801144734240248235e-01 9.032872139609966489e-01
2.753999999999999559e+00 2.502797441765301834e+00 4.124670669663015321e-01 8.873610296265367348e-01
2.765999999999999570e+00 2.535418211203160688e+00 4.196323765186438237e-01 8.667135519840794000e-01
2.777999999999999581e+00 2.606745413150305168e+00 4.535696853312760068e-01 8.432761163188087217e-01
2.789999999999999591e+00 2.577998725687685511e+00 4.635141360365259144e-01 8.469884599224144495e-01
2.801999999999999602e+00 2.607684079842838010e+00 4.732719592296139033e-01 8.212921736704104081e-01
2.813999999999999613e+00 2.540475036764432204e+00 5.193490377545778580e-01 8.280030541627074747e-01
2.825999999999999623e+00 2.536799569236268592e+00 5.308610175677642706e-01 7.990569328588082998e-01
2.837999999999999634e+00 2.516931513168302992e+00 5.487026154280892909e-01 7.729750679202671559e-01
2.849999999999999645e+00 2.544246424282770924e+00 5.851156187237981365e-01 7.974859704732136789e-01
2.861999999999999211e+00 2.413969543434519860e+00 6.078442669919571495e-01 7.856091506772316935e-01
2.873999999999999222e+00 2.423499650757735768e+00 6.631037291559175317e-01 7.697744903401683159e-01
2.885999999999999233e+00 2.326723463574302375e+00 6.987241367339652731e-01 7.625490046167214819e-01
2.897999999999999243e+00 2.297160185754218986e+00 7.064210468402275511e-01 7.498803353801630767e-01
2.909999999999999254e+00 2.268004411763075989e+00 7.604549976497393393e-01 7.503888063451102930e-01
2.921999999999999265e+00 2.170270946112585086e+00 7.999652107325337935e-01 7.461440886580615883e-01
2.933999999999999275e+00 2.107544624592598836e+00 8.146796024501553601e-01 7.595874569584983860e-01
2.945999999999999286e+00 1.991479127311680086e+00 8.645755196269279130e-01 7.650194208575354926e-01
2.957999999999999297e+00 1.934613976261402080e+00 9.023888392294192595e-01 7.436803496917688827e-01
2.969999999999999307e+00 1.886683250236378173e+00 9.453621929499760324e-01 7.382979155795557080e-01
2.981999999999999318e+00 1.796235839771326059e+00 9.749799425267609010e-01 7.364636659182741685e-01
2.993999999999999329e+00 1.740370993399911859e+00 1.011873757090501202e+00 7.523568823544326545e-01
3.005999999999999339e+00 1.669216444920873510e+00 1.059383001649586431e+00 7.367570118328830020e-01
3.017999999999999350e+00 1.618874520329764977e+00 1.095471322459851793e+00 7.435013891718422752e-01
3.029999999999999361e+00 1.561510797965733888e+00 1.109685538424621365e+00 7.398184942794411301e-01
3.041999999999999371e+00 1.477867846698387888e+00 1.193230901382896336e+00 7.571058024705429323e-01
3.053999999999999382e+00 1.497848928928445122e+00 1.201153869842384703e+00 7.559035697465601444e-01
3.065999999999999392e+00 1.417890456816274680e+00 1.256646635099262221e+00 7.643418788139824116e-01
3.077999999999999403e+00 1.350909267805880498e+00 1.287355350326759851e+00 7.559399039151103450e-01
3.089999999999999414e+00 1.322581974291934470e+00 1.330373326128706513e+00 7.669611964321784159e-01
3.101999999999999424e+00 1.268881108694080329e+00 1.322838353097801622e+00 7.622467437033165760e-01
3.113999999999999435e+00 1.241219860373560246e+00 1.398410142716773219e+00 7.545453207344292590e-01
3.125999999999999446e+00 1.174294462871735556e+00 1.409502281407498225e+00 7.833387833770272257e-01
3.137999999999999456e+00 1.170052186936195948e+00 1.418888951470242077e+00 7.841269834969215591e-01
3.149999999999999467e+00 1.137412837036473556e+00 1.465969264213928369e+00 7.840994839224250113e-01
3.161999999999999478e+00 1.097793749354345039e+00 1.506559933631018255e+00 7.869950388974881195e-01
3.173999999999999488e+00 1.077201198532652393e+00 1.516419910587881947e+00 8.002857233314556451e-01
3.185999999999999499e+00 1.092615505103736506e+00 1.533188735955725468e+00 8.109875985688222988e-01
3.197999999999999510e+00 1.052607437318815897e+00 1.575274159362094695e+00 8.144599297250190162e-01
3.209999999999999520e+00 1.018279924698687333e+00 1.575551286738366086e+00 8.141727078868519207e-01
3.221999999999999531e+00 1.008320427891720827e+00 1.596532226217653339e+00 8.111052538844688575e-01
3.233999999999999542e+00 9.863291478518814159e-01 1.594782795850652191e+00 8.279919040899015314e-01
3.245999999999999552e+00 9.967011409207084949e-01 1.601767572912640158e+00 8.397530716523498029e-01
3.257999999999999563e+00 9.554978703272390961e-01 1.626200722917120256e+00 8.339434728566669230e-01
3.269999999999999574e+00 9.609628960945544307e-01 1.615736634119764314e+00 8.455893719178917411e-01
3.281999999999999584e+00 9.407113038410209738e-01 1.619410480992766521e+00 8.451006184016894851e-01
3.293999999999999595e+00 9.330127739826445943e-01 1.598705675566558293e+00 8.593801828944551691e-01
3.305999999999999162e+00 9.021454708981596626e-01 1.615977646393495615e+00 8.688219585339541640e-01
3.317999999999999172e+00 9.136514413993518380e-01 1.604732323653498494e+00 8.821874818996995327e-01
3.329999999999999183e+00 8.847159494455841822e-01 1.605486905415703935e+00 8.710189252677519312e-01
3.341999999999999194e+00 8.800390907269215468e-01 1.600222452580077892e+00 8.977314565527935164e-01
3.353999999999999204e+00 9.115027859779644137e-01 1.613315843984580722e+00 9.124671933996488793e-01
3.365999999999999215e+00 8.910624747524411582e-01 1.586307336270599944e+00 9.104869253841341159e-01
3.377999999999999226e+00 9.113639732134659610e-01 1.577365946783096273e+00 9.170005760284221097e-01
3.389999999999999236e+00 8.709380696645590003e-01 1.557182784357669769e+00 9.385038753167646020e-01
3.401999999999999247e+00 8.803385389585425269e-01 1.556193209801827404e+00 9.211147916377138145e-01
3.413999999999999257e+00 8.677780734864162238e-01 1.531908871529308769e+00 9.509523280015494962e-01
3.425999999999999268e+00 8.973612102745728292e-01 1.497230541981073415e+00 9.546016582813446893e-01
3.437999999999999279e+00 9.010731500350566137e-01 1.492500746547444246e+00 9.843358756276454624e-01
3.449999999999999289e+00 8.575751383320819876e-01 1.464232072660834438e+00 9.860291125143764157e-01
3.461999999999999300e+00 8.803473653614427574e-01 1.450284353145014249e+00 9.961451129644343094e-01
3.473999999999999311e+00 8.655435415984161773e-01 1.442465553561456781e+00 9.868352144529709546e-01
3.485999999999999321e+00 8.881629484250441742e-01 1.418458976505361679e+00 1.020736955445126659e+00
3.497999999999999332e+00 8.833462923156212288e-01 1.416406640926218152e+00 1.018115500090758463e+00
3.509999999999999343e+00 8.730395094760523556e-01 1.372898658021167728e+00 1.043621868964457411e+00
3.521999999999999353e+00 8.461101593550273137e-01 1.380364004807198341e+00 1.037646909841037024e+00
3.533999999999999364e+00 8.679230133372374256e-01 1.338492653968464063e+00 1.051211873889010384e+00
3.545999999999999375e+00 8.689610768978991429e-01 1.334194209486710303e+00 1.063953477415980897e+00
3.557999999999999385e+00 8.675168770489852799e-01 1.318231438558417956e+00 1.084396096311231128e+00
3.569999999999999396e+00 8.743415816582059685e-01 1.317349423380159479e+00 1.074807798259535430e+00
3.581999999999999407e+00 8.600377376678415287e-01 1.291626900123907573e+00 1.081751117933194672e+00
3.593999999999999417e+00 8.989391674201276938e-01 1.275756900372998492e+00 1.094577223009891576e+00
3.605999999999999428e+00 8.667445276201966031e-01 1.262870137843757901e+00 1.107030139237678679e+00
3.617999999999999439e+00 8.780541131136958555e-01 1.239529195009072549e+00 1.121602833539109501e+00
3.629999999999999449e+00 8.955468498663859966e-01 1.226348729988424813e+00 1.125373293869395885e+00
3.641999999999999460e+00 8.667535654704063841e-01 1.207122011980958476e+00 1.134444643725015078e+00
3.653999999999999471e+00 8.761601547087660702e-01 1.189804131659359943e+00 1.149466869634809596e+00
3.665999999999999481e+00 8.821962549349281479e-01 1.171072283511659373e+00 1.147431730274842021e+00
3.677999999999999492e+00 8.766782054664132851e-01 1.161552794840726044e+00 1.162927616908890682e+00
3.689999999999999503e+00 8.923845266245576946e-01 1.178027252334288733e+00 1.175978410308875732e+00
3.701999999999999513e+00 8.972388513419348177e-01 1.161920919852875267e+00 1.187704945326275130e+00
3.713999999999999524e+00 8.950456972436588998e-01 1.140323723490574981e+00 1.168525640388410114e+00
3.725999999999999535e+00 9.098307606746236509e-01 1.117640571839753738e+00 1.186575601866328933e+00
3.737999999999999101e+00 9.268480656972015730e-01 1.127502463835813762e+00 1.188120279525560097e+00
3.749999999999999112e+00 9.017489655379704594e-01 1.121289901660145194e+00 1.209624269281592168e+00
3.761999999999999122e+00 9.242587688980817839e-01 1.095476610743122858e+00 1.180401098335595034e+00
3.773999999999999133e+00 9.196962474844126989e-01 1.099946701099879576e+00 1.188793362963464828e+00
3.785999999999999144e+00 9.398254871304820846e-01 1.092120033681710956e+00 1.203326949640489030e+00
3.797999999999999154e+00 9.401277122123348207e-01 1.085928089980579214e+00 1.198797137029617321e+00
3.809999999999999165e+00 9.340014440045517619e-01 1.076429190495414856e+00 1.195741789223706109e+00
3.821999999999999176e+00 9.561555374071708524e-01 1.077849989405176512e+00 1.209570706192904632e+00
3.833999999999999186e+00 9.400578315786592976e-01 1.063733003902764818e+00 1.203065263260235440e+00
3.845999999999999197e+00 9.367154648332811639e-01 1.076175004396266344e+00 1.191168877176415952e+00
3.857999999999999208e+00 9.525558375377486398e-01 1.044760493652711508e+00 1.194964013072061570e+00
3.869999999999999218e+00 9.559711005967673758e-01 1.059194869036394371e+00 1.189996716963901191e+00
3.881999999999999229e+00 9.718729267580745734e-01 1.063969456484197051e+00 1.184707955533297108e+00
3.893999999999999240e+00 9.468809778747612205e-01 1.038461866926551957e+00 1.195253255102273870e+00
3.905999999999999250e+00 9.938954632259097144e-01 1.057537686009130562e+00 1.165064091142473002e+00
3.917999999999999261e+00 9.674221959970770168e-01 1.031280945628485268e+00 1.181513071243559976e+00
3.929999999999999272e+00 9.791843400927590091e-01 1.030762609288052412e+00 1.177570017522906687e+00
3.941999999999999282e+00 9.662502928296113902e-01 1.044194616100291295e+00 1.175548005412491381e+00
3.953999999999999293e+00 1.008770837325015046e+00 1.020121491892007848e+00 1.165052993874040599e+00
3.965999999999999304e+00 9.817864896102992400e-01 1.017012169059883231e+00 1.170330091363538383e+00
3.977999999999999314e+00 1.017006845585374908e+00 1.019014611411115379e+00 1.133555203274761780e+00
3.989999999999999325e+00 1.003499995371951448e+00 1.019319625683161368e+00 1.154833012718256890e+00
4.001999999999999780e+00 9.976845686314199657e-01 1.008038811972209459e+00 1.140321528298023024e+00
4.013999999999999346e+00 1.001539733200285776e+00 1.005627846786631308e+00 1.143661799643181043e+00
4.025999999999999801e+00 1.006287459428023112e+00 1.028279678704766109e+00 1.125141061867118930e+00
4.037999999999999368e+00 1.008109616639695227e+00 1.004117479745590957e+00 1.138614472725523186e+00
4.049999999999999822e+00 1.047120990084945413e+00 9.913255610427904596e-01 1.126538531338004745e+00
4.061999999999999389e+00 1.006188834399129650e+00 9.886707035537758426e-01 1.115712376306279729e+00
4.073999999999999844e+00 1.033886340279919880e+00 1.005545976815779063e+00 1.105927824341150556e+00
4.085999999999999410e+00 1.037105587222646008e+00 9.987664709030107391e-01 1.114340804602634849e+00
4.097999999999999865e+00 1.043776392777623352e+00 9.914952852171891040e-01 1.104917140807260001e+00
4.109999999999999432e+00 1.057324707780763706e+00 9.930539721160271949e-01 1.087923266444846160e+00
4.121999999999999886e+00 1.042238283868667459e+00 9.906554246416658938e-01 1.104082985116957571e+00
4.133999999999999453e+00 1.059956486894958250e+00 9.981528981014173851e-01 1.079046223418863137e+00
4.145999999999999908e+00 1.060862331551131854e+00 9.918873456904641062e-01 1.085702342798993136e+00
4.157999999999999474e+00 1.060843640373287489e+00 9.854084600983062936e-01 1.074335018426031629e+00
4.169999999999999929e+00 1.066868332805702035e+00 9.927134077518723343e-01 1.083267979692607241e+00
4.181999999999999496e+00 1.064299201023182206e+00 9.856509461598953470e-01 1.078167879204708690e+00
4.193999999999999950e+00 1.064737748997064637e+00 9.777718305710393354e-01 1.067116755884099932e+00
4.205999999999999517e+00 1.069359219332695288e+00 9.783769524740191237e-01 1.066030065610374944e+00
4.217999999999999972e+00 1.073562491569894251e+00 9.847522870782117188e-01 1.079660298646321959e+00
4.229999999999999538e+00 1.081512113814152354e+00 9.701213899342076008e-01 1.059034747681302235e+00
4.241999999999999993e+00 1.078158007875461788e+00 9.714877176730511987e-01 1.048228314015682061e+00
4.253999999999999559e+00 1.086985843367893390e+00 9.749214739976699295e-01 1.053970318421604047e+00
4.266000000000000014e+00 1.111196956201262021e+00 9.644624102528577270e-01 1.042428444388530329e+00
4.277999999999999581e+00 1.092438377951045370e+00 9.803575877790898785e-01 1.055473311906421463e+00
4.290000000000000036e+00 1.087851202988271870e+00 9.711754140317573336e-01 1.050334736744945818e+00
4.301999999999999602e+00 1.081623280524701247e+00 9.821785882342819463e-01 1.040966103171439672e+00
4.314000000000000057e+00 1.095434361269178591e+00 9.689355932314803743e-01 1.040762576399691719e+00
4.325999999999999623e+00 1.116197966607192615e+00 9.646027464057949086e-01 1.030110432381925234e+00
4.338000000000000078e+00 1.073793295672731851e+00 9.701448171787816488e-01 1.020466009359794146e+00
4.349999999999999645e+00 1.103096234418594390e+00 9.540701282020362939e-01 1.045844655278518553e+00
4.362000000000000099e+00 1.119842667695224447e+00 9.650375331334869466e-01 1.042989921334266601e+00
4.373999999999999666e+00 1.108522006965620532e+00 9.651367429836602563e-01 1.036181305984890111e+00
4.386000000000000121e+00 1.098919622765448745e+00 9.599433508248044200e-01 1.031203937799587411e+00
4.397999999999999687e+00 1.103667980010498040e+00 9.588786639164839087e-01 1.050543842450824883e+00
4.409999999999999254e+00 1.086991147238192346e+00 9.552612083536807797e-01 1.023795840804182511e+00
4.421999999999999709e+00 1.102024119362257970e+00 9.624877656412241800e-01 1.028312782264523051e+00
4.433999999999999275e+00 1.122869811784385163e+00 9.507815782035566876e-01 1.014437670103015332e+00
4.445999999999999730e+00 1.131870592924078212e+00 9.436959307588128620e-01 1.023670162179050713e+00
4.457999999999999297e+00 1.122197991539705342e+00 9.477075116182265280e-01 1.030332165686073331e+00
4.469999999999999751e+00 1.117421921390114203e+00 9.553856591532706721e-01 1.027057036035435633e+00
4.481999999999999318e+00 1.112526540226701277e+00 9.429086762399840893e-01 1.028006926855104863e+00
4.493999999999999773e+00 1.112885772409754281e+00 9.399901962658305798e-01 1.027013535523357834e+00
4.505999999999999339e+00 1.107729500898781527e+00 9.421654651043034345e-01 1.028878579287118455e+00
4.517999999999999794e+00 1.122201407950476515e+00 9.429756688796310238e-01 1.035151075459595171e+00
4.529999999999999361e+00 1.110523925892776598e+00 9.423668583601145787e-01 1.010528436374138916e+00
4.541999999999999815e+00 1.120290017868944110e+00 9.387086757827544092e-01 1.028297318909679792e+00
4.553999999999999382e+00 1.076131321284826470e+00 9.395224285550584087e-01 1.027518583472620595e+00
4.565999999999999837e+00 1.123114399899869831e+00 9.461502862540102088e-01 1.014133349446255661e+00
4.577999999999999403e+00 1.109691349241743064e+00 9.453378224064931112e-01 1.008232164171793732e+00
4.589999999999999858e+00 1.095510369669205231e+00 9.424611268477711690e-01 1.017054701575449194e+00
4.601999999999999424e+00 1.134883811972504875e+00 9.412115132631134751e-01 1.022551683304862458e+00
4.613999999999999879e+00 1.111225031721108092e+00 9.411269390444590988e-01 1.012034511168172113e+00
4.625999999999999446e+00 1.122993811266074449e+00 9.402339194351743146e-01 1.024643134386199916e+00
4.637999999999999901e+00 1.115461065035723287e+00 9.335375933127415538e-01 1.018879514998235480e+00
4.649999999999999467e+00 1.117595805083381189e+00 9.365384036184878358e-01 1.024020809987412406e+00
4.661999999999999922e+00 1.111564587943614457e+00 9.452007065173597677e-01 1.017401062258501909e+00
4.673999999999999488e+00 1.093662020446960703e+00 9.415595702758202679e-01 1.027188141804069588e+00
4.685999999999999943e+00 1.095549378742207036e+00 9.460953258181891146e-01 1.015722916472046933e+00
4.697999999999999510e+00 1.101195104927919388e+00 9.379679641674973922e-01 1.007591414399357843e+00
4.709999999999999964e+00 1.116549961243094913e+00 9.400411715371340682e-01 1.011930166038394585e+00
4.721999999999999531e+00 1.094617256794913729e+00 9.403782618223511802e-01 1.017289234304162848e+00
4.733999999999999986e+00 1.067083169312652569e+00 9.439156304567973832e-01 1.010893598666732895e+00
4.745999999999999552e+00 1.055088388277531930e+00 9.400428825256053056e-01 1.010432566965928869e+00
4.758000000000000007e+00 1.094820092614171347e+00 9.372582840129005666e-01 1.012051365002206271e+00
4.769999999999999574e+00 1.092724318925560434e+00 9.504630834140256335e-01 1.009383824959382059e+00
4.782000000000000028e+00 1.072336509156462281e+00 9.500703568041517499e-01 9.925652999997718329e-01
4.793999999999999595e+00 1.088689279584476033e+00 9.417458987485890498e-01 1.010530776423029131e+00
4.806000000000000050e+00 1.084869814718446346e+00 9.432556544040420210e-01 9.957277100144970028e-01
4.817999999999999616e+00 1.079338931644571620e+00 9.518158981519865280e-01 9.906737020748578315e-01
4.830000000000000071e+00 1.047940042265167460e+00 9.516430287452385395e-01 1.006983085497291208e+00
4.841999999999999638e+00 1.044867615159570606e+00 9.518568132786695557e-01 1.003617622001302223e+00
4.853999999999999204e+00 1.073386792696681136e+00 9.422228470760678487e-01 9.914257715114841440e-01
4.865999999999999659e+00 1.055662681424001326e+00 9.596397924328669005e-01 9.947892753151023060e-01
4.877999999999999226e+00 1.051256763826294405e+00 9.437862768180308448e-01 9.960885804953854006e-01
4.889999999999999680e+00 1.027307394215035252e+00 9.452848385444316825e-01 9.966502082551828012e-01
4.901999999999999247e+00 1.039569201205333249e+00 9.484021168335909913e-01 9.917443741366053223e-01
4.913999999999999702e+00 1.045409215602527420e+00 9.550719445465021273e-01 9.705079045386688641e-01
4.925999999999999268e+00 1.032146657131484124e+00 9.600049709167562950e-01 9.857447668835865873e-01
4.937999999999999723e+00 1.035144858150503611e+00 9.551223003455499017e-01 9.851228144709966994e-01
4.949999999999999289e+00 1.010144234143040887e+00 9.556204814923644486e-01 9.822814579915056798e-01
4.961999999999999744e+00 1.016342999863193208e+00 9.633415873842630095e-01 9.719653326450868880e-01
4.973999999999999311e+00 1.005180602109275068e+00 9.530610544989720490e-01 9.764271497617634799e-01
4.985999999999999766e+00 1.016931121658302573e+00 9.645945794420118791e-01 9.739147855901181261e-01
4.997999999999999332e+00 1.017761766620674857e+00 9.642182159870711367e-01 9.780228973497324674e-01
5.009999999999999787e+00 1.013880048863084360e+00 9.630008064597228579e-01 9.742695707056124865e-01
5.021999999999999353e+00 9.918339974179584129e-01 9.582812488064218481e-01 9.743202000657833484e-01
5.033999999999999808e+00 9.998321202509452554e-01 9.735336243060033201e-01 9.794660757168390797e-01
5.045999999999999375e+00 9.942301704025426901e-01 9.587436888704821136e-01 9.626697232766874279e-01
5.057999999999999829e+00 9.889123851789822783e-01 9.690723455963976551e-01 9.620450338663826262e-01
5.069999999999999396e+00 9.942454630908903468e-01 9.706102768245699064e-01 9.564110769120225397e-01
5.081999999999999851e+00 9.783938792253981109e-01 9.730230345130173042e-01 9.712827608073287822e-01
5.093999999999999417e+00 9.851378190975733640e-01 9.727444580291397802e-01 9.648306250577303178e-01
5.105999999999999872e+00 9.441314279320675018e-01 9.694259703439223053e-01 9.620248645148369304e-01
5.117999999999999439e+00 9.608914886310153669e-01 9.724588707755589256e-01 9.622523571186092362e-01
5.129999999999999893e+00 9.588748014439688605e-01 9.746577793819998226e-01 9.580797633761964915e-01
5.141999999999999460e+00 9.572181542432589563e-01 9.754187811197150282e-01 9.556647996145114510e-01
5.153999999999999915e+00 9.738867004731541765e-01 9.804796310478877119e-01 9.629762755397437424e-01
5.165999999999999481e+00 9.567074290356406552e-01 9.784270222406494799e-01 9.688448487678514853e-01
5.177999999999999936e+00 9.418733504814794655e-01 9.806315486831393979e-01 9.575384835353933921e-01
5.189999999999999503e+00 9.261303953680700696e-01 9.830066314404677374e-01 9.461248233247289141e-01
5.201999999999999957e+00 9.563407290335408373e-01 9.791352918647389103e-01 9.474348131535117457e-01
5.213999999999999524e+00 9.447605774404066459e-01 9.722391315271933232e-01 9.559344293097198353e-01
5.225999999999999979e+00 9.387243828141658142e-01 9.957276860747651392e-01 9.425264946294578117e-01
5.237999999999999545e+00 9.247121947087202365e-01 9.913118084876805236e-01 9.466861130802347590e-01
5.250000000000000000e+00 9.155415068342934726e-01 9.903559015550268407e-01 9.415761289731109374e-01
5.261999999999999567e+00 9.185351684050284682e-01 9.789872087388145072e-01 9.479215769006189563e-01
5.273999999999999133e+00 9.087880473456161345e-01 9.943734820925751450e-01 9.504663710374953167e-01
5.285999999999999588e+00 8.935731691758393991e-01 9.991823134409416607e-01 9.526177774059870762e-01
5.297999999999999154e+00 9.096284848101334752e-01 9.997686147999689243e-01 9.463471288794997882e-01
5.309999999999999609e+00 8.959576068894307133e-01 9.987728647843190366e-01 9.431740231052601064e-01
5.321999999999999176e+00 9.047260443501053961e-01 9.974476049011682388e-01 9.497872453614960575e-01
5.333999999999999631e+00 8.972825284238038490e-01 1.002715404441543390e+00 9.315734069839521903e-01
5.345999999999999197e+00 9.133235488311599592e-01 9.972699241779517942e-01 9.439357767919260844e-01
5.357999999999999652e+00 8.746858712074425668e-01 9.997721052271707487e-01 9.507795470170268270e-01
5.369999999999999218e+00 9.039956132416835377e-01 1.003961834444390355e+00 9.405155311488014869e-01
5.381999999999999673e+00 8.920500430528514046e-01 1.002673451402885885e+00 9.440310061542098730e-01
5.393999999999999240e+00 8.754075803668434075e-01 1.002824820980054099e+00 9.481984078325432774e-01
5.405999999999999694e+00 8.823440117368837043e-01 1.001294463613662700e+00 9.468837798751086332e-01
5.417999999999999261e+00 8.988195609153062371e-01 1.005153125041447382e+00 9.406349446233026601e-01
5.429999999999999716e+00 8.661512695088984248e-01 1.011385882790427626e+00 9.505692170044224287e-01
5.441999999999999282e+00 8.725928096167946402e-01 1.006956611865272411e+00 9.390028057427213248e-01
5.453999999999999737e+00 8.890772217125328947e-01 1.009512172368211891e+00 9.482135699687277430e-01
5.465999999999999304e+00 8.791603836309593856e-01 1.006666651212083874e+00 9.474784285472900303e-01
5.477999999999999758e+00 8.751062728709468885e-01 1.000763352775043469e+00 9.471537971069582396e-01
5.489999999999999325e+00 8.735473974790685103e-01 1.009094309402475131e+00 9.582127959926836080e-01
5.501999999999999780e+00 8.657477011071016415e-01 1.010277905733083292e+00 9.492250297088241640e-01
5.513999999999999346e+00 8.748292320166815017e-01 1.006726483959529128e+00 9.443333491274338298e-01
5.525999999999999801e+00 8.824026976305637815e-01 1.011012408650686645e+00 9.515291484630056251e-01
5.537999999999999368e+00 8.818169495581719142e-01 1.003704770895379239e+00 9.530192465167627303e-01
5.549999999999999822e+00 8.783097048067020074e-01 1.001281113981058901e+00 9.503616925062436938e-01
5.561999999999999389e+00 8.973689259391693929e-01 1.011293498158109649e+00 9.612698898201093023e-01
5.573999999999999844e+00 8.707625057105663480e-01 1.008664828524319601e+00 9.516731830858263796e-01
5.585999999999999410e+00 8.894758059781577852e-01 1.001256311972900326e+00 9.592361795260875290e-01
5.597999999999999865e+00 8.608393448379583202e-01 1.006315556077809870e+00 9.535455008702893309e-01
5.609999999999999432e+00 8.690778687461379048e-01 1.004354211983084832e+00 9.636777432849715774e-01
5.621999999999999886e+00 8.645872234731080130e-01 1.005219945621524502e+00 9.591269334808301128e-01
5.633999999999999453e+00 8.629588457690051673e-01 1.008730240701864567e+00 9.648108403528091737e-01
5.645999999999999908e+00 8.711575499434869307e-01 1.001894387302459055e+00 9.525945906933114271e-01
5.657999999999999474e+00 8.677566886227872089e-01 1.002877694979973588e+00 9.594027169402911115e-01
5.669999999999999929e+00 8.933982456283698914e-01 1.010038492514719888e+00 9.664580902889460257e-01
5.681999999999999496e+00 8.616897290610279203e-01 1.002224363146050790e+00 9.705410639159502972e-01
5.693999999999999950e+00 8.768002932983762765e-01 1.001470185617762132e+00 9.705417269020255588e-01
5.705999999999999517e+00 8.833983003574744641e-01 1.008663017858859590e+00 9.626556648415357520e-01
5.717999999999999083e+00 8.861410604204664754e-01 9.986744335582745657e-01 9.727216021374865962e-01
5.729999999999999538e+00 8.956505094199971317e-01 9.957231920367569655e-01 9.637188152376230388e-01
5.741999999999999105e+00 8.832615584875669335e-01 1.001437160299048612e+00 9.754657919614017070e-01
5.753999999999999559e+00 9.057019230553733369e-01 1.004075532281177408e+00 9.767612325032772880e-01
5.765999999999999126e+00 8.943841433470054447e-01 9.940036009896904279e-01 9.680149029851061737e-01
5.777999999999999581e+00 8.926227800768976595e-01 1.003806031495877660e+00 9.756736513873600636e-01
5.789999999999999147e+00 9.125968157549455562e-01 9.918595939014418494e-01 9.786838040083229995e-01
5.801999999999999602e+00 9.015514706461863481e-01 9.938152408011736716e-01 9.821441501154004605e-01
5.813999999999999169e+00 8.920566440927377716e-01 9.936372102413518759e-01 9.758703542799035402e-01
5.825999999999999623e+00 8.979745006119110862e-01 9.897764803475100903e-01 9.813063150946107482e-01
5.837999999999999190e+00 8.913764056522807122e-01 9.838700088099554542e-01 9.832561132137757065e-01
5.849999999999999645e+00 9.300216419929184797e-01 9.880121324765541724e-01 9.858836256021061839e-01
5.861999999999999211e+00 9.173778552123837970e-01 9.962164240870776677e-01 9.906914099639938520e-01
5.873999999999999666e+00 9.027632890573284996e-01 9.913641741038805577e-01 9.864007278186355254e-01
5.885999999999999233e+00 9.253008195273995096e-01 9.811078574485189163e-01 9.912179901701002604e-01
5.897999999999999687e+00 9.234997823069465150e-01 1.001334311431331114e+00 9.899064026045403253e-01
5.909999999999999254e+00 9.140736570584659937e-01 9.897287825577222309e-01 9.844928266580661447e-01
5.921999999999999709e+00 9.183276742348077670e-01 9.872685390955527884e-01 9.875557926991387347e-01
5.933999999999999275e+00 9.399695043087481494e-01 9.834996522653571827e-01 9.876590041176321888e-01
5.945999999999999730e+00 9.359162888693057791e-01 9.813312432144403186e-01 9.959946623538677990e-01
5.957999999999999297e+00 9.345950149186549316e-01 9.845643690518146585e-01 9.946717569782673740e-01
5.969999999999999751e+00 9.407562246205165568e-01 9.776533151534974042e-01 9.980695602981459746e-01
5.981999999999999318e+00 9.301425585882117097e-01 9.913840177912172091e-01 9.923801659960741484e-01
5.993999999999999773e+00 9.418652357165463451e-01 9.759870366440807077e-01 1.009159811502833737e+00
