6.000000000000000125e-03 0.000000000000000000e+00 0.000000000000000000e+00 0.000000000000000000e+00
1.799999999999999864e-02 0.000000000000000000e+00 0.000000000000000000e+00 0.000000000000000000e+00
2.999999999999999889e-02 0.000000000000000000e+00 0.000000000000000000e+00 0.000000000000000000e+00
4.199999999999999567e-02 0.000000000000000000e+00 0.000000000000000000e+00 0.000000000000000000e+00
5.399999999999999245e-02 0.000000000000000000e+00 0.000000000000000000e+00 0.000000000000000000e+00
6.599999999999998923e-02 0.000000000000000000e+00 0.000000000000000000e+00 0.000000000000000000e+00
7.799999999999999989e-02 0.000000000000000000e+00 0.000000000000000000e+00 0.000000000000000000e+00
8.999999999999999667e-02 0.000000000000000000e+00 0.000000000000000000e+00 0.000000000000000000e+00
1.019999999999999934e-01 0.000000000000000000e+00 0.000000000000000000e+00 0.000000000000000000e+00
1.139999999999999902e-01 0.000000000000000000e+00 0.000000000000000000e+00 0.000000000000000000e+00
1.259999999999999731e-01 0.000000000000000000e+00 0.000000000000000000e+00 0.000000000000000000e+00
1.379999999999999838e-01 0.000000000000000000e+00 0.000000000000000000e+00 0.000000000000000000e+00
1.499999999999999944e-01 0.000000000000000000e+00 0.000000000000000000e+00 0.000000000000000000e+00
1.619999999999999774e-01 0.000000000000000000e+00 0.000000000000000000e+00 0.000000000000000000e+00
1.739999999999999880e-01 0.000000000000000000e+00 0.000000000000000000e+00 0.000000000000000000e+00
1.859999999999999709e-01 0.000000000000000000e+00 0.000000000000000000e+00 0.000000000000000000e+00
1.979999999999999816e-01 0.000000000000000000e+00 0.000000000000000000e+00 0.000000000000000000e+00
2.099999999999999922e-01 0.000000000000000000e+00 0.000000000000000000e+00 0.000000000000000000e+00
2.219999999999999751e-01 0.000000000000000000e+00 0.000000000000000000e+00 0.000000000000000000e+00
2.339999999999999858e-01 0.000000000000000000e+00 0.000000000000000000e+00 0.000000000000000000e+00
2.459999999999999687e-01 0.000000000000000000e+00 0.000000000000000000e+00 0.000000000000000000e+00
2.579999999999999516e-01 0.000000000000000000e+00 0.000000000000000000e+00 0.000000000000000000e+00
2.699999999999999623e-01 0.000000000000000000e+00 0.000000000000000000e+00 0.000000000000000000e+00
2.819999999999999729e-01 0.000000000000000000e+00 0.000000000000000000e+00 0.000000000000000000e+00
2.939999999999999836e-01 0.000000000000000000e+00 0.000000000000000000e+00 0.000000000000000000e+00
3.059999999999999942e-01 0.000000000000000000e+00 0.000000000000000000e+00 0.000000000000000000e+00
3.179999999999999494e-01 0.000000000000000000e+00 0.000000000000000000e+00 0.000000000000000000e+00
3.299999999999999600e-01 0.000000000000000000e+00 0.000000000000000000e+00 0.000000000000000000e+00
3.419999999999999707e-01 0.000000000000000000e+00 0.000000000000000000e+00 0.000000000000000000e+00
3.539999999999999813e-01 0.000000000000000000e+00 0.000000000000000000e+00 0.000000000000000000e+00
3.659999999999999365e-01 0.000000000000000000e+00 0.000000000000000000e+00 0.000000000000000000e+00
3.779999999999999472e-01 0.000000000000000000e+00 0.000000000000000000e+00 0.000000000000000000e+00
3.899999999999999578e-01 0.000000000000000000e+00 0.000000000000000000e+00 0.000000000000000000e+00
4.019999999999999685e-01 0.000000000000000000e+00 0.000000000000000000e+00 0.000000000000000000e+00
4.139999999999999791e-01 0.000000000000000000e+00 0.000000000000000000e+00 0.000000000000000000e+00
4.259999999999999343e-01 0.000000000000000000e+00 0.000000000000000000e+00 0.000000000000000000e+00
4.379999999999999449e-01 0.000000000000000000e+00 0.000000000000000000e+00 0.000000000000000000e+00
4.499999999999999556e-01 0.000000000000000000e+00 0.000000000000000000e+00 0.000000000000000000e+00
4.619999999999999662e-01 0.000000000000000000e+00 0.000000000000000000e+00 0.000000000000000000e+00
4.739999999999999214e-01 0.000000000000000000e+00 0.000000000000000000e+00 0.000000000000000000e+00
4.859999999999999321e-01 0.000000000000000000e+00 0.000000000000000000e+00 0.000000000000000000e+00
4.979999999999999427e-01 0.000000000000000000e+00 0.000000000000000000e+00 0.000000000000000000e+00
5.099999999999998979e-01 0.000000000000000000e+00 0.000000000000000000e+00 0.000000000000000000e+00
5.219999999999999085e-01 0.000000000000000000e+00 0.000000000000000000e+00 0.000000000000000000e+00
5.339999999999999192e-01 0.000000000000000000e+00 0.000000000000000000e+00 0.000000000000000000e+00
5.459999999999999298e-01 0.000000000000000000e+00 0.000000000000000000e+00 0.000000000000000000e+00
5.579999999999999405e-01 0.000000000000000000e+00 0.000000000000000000e+00 0.000000000000000000e+00
5.699999999999999512e-01 0.000000000000000000e+00 0.000000000000000000e+00 0.000000000000000000e+00
5.819999999999999618e-01 0.000000000000000000e+00 0.000000000000000000e+00 0.000000000000000000e+00
5.939999999999999725e-01 0.000000000000000000e+00 0.000000000000000000e+00 0.000000000000000000e+00
6.059999999999999831e-01 0.000000000000000000e+00 0.000000000000000000e+00 0.000000000000000000e+00
6.179999999999998828e-01 0.000000000000000000e+00 0.000000000000000000e+00 0.000000000000000000e+00
6.299999999999998934e-01 0.000000000000000000e+00 0.000000000000000000e+00 0.000000000000000000e+00
6.419999999999999041e-01 0.000000000000000000e+00 0.000000000000000000e+00 0.000000000000000000e+00
6.539999999999999147e-01 0.000000000000000000e+00 0.000000000000000000e+00 0.000000000000000000e+00
6.659999999999999254e-01 0.000000000000000000e+00 0.000000000000000000e+00 0.000000000000000000e+00
6.779999999999999361e-01 0.000000000000000000e+00 0.000000000000000000e+00 0.000000000000000000e+00
6.899999999999999467e-01 0.000000000000000000e+00 0.000000000000000000e+00 0.000000000000000000e+00
7.019999999999999574e-01 0.000000000000000000e+00 0.000000000000000000e+00 0.000000000000000000e+00
7.139999999999999680e-01 0.000000000000000000e+00 0.000000000000000000e+00 0.000000000000000000e+00
7.259999999999998677e-01 0.000000000000000000e+00 0.000000000000000000e+00 0.000000000000000000e+00
7.379999999999998783e-01 0.000000000000000000e+00 0.000000000000000000e+00 0.000000000000000000e+00
7.499999999999998890e-01 0.000000000000000000e+00 0.000000000000000000e+00 0.000000000000000000e+00
7.619999999999998996e-01 0.000000000000000000e+00 0.000000000000000000e+00 0.000000000000000000e+00
7.739999999999999103e-01 0.000000000000000000e+00 0.000000000000000000e+00 0.000000000000000000e+00
7.859999999999999210e-01 0.000000000000000000e+00 0.000000000000000000e+00 0.000000000000000000e+00
7.979999999999999316e-01 0.000000000000000000e+00 0.000000000000000000e+00 0.000000000000000000e+00
8.099999999999999423e-01 0.000000000000000000e+00 0.000000000000000000e+00 0.000000000000000000e+00
8.219999999999999529e-01 0.000000000000000000e+00 0.000000000000000000e+00 0.000000000000000000e+00
8.339999999999998526e-01 0.000000000000000000e+00 0.000000000000000000e+00 0.000000000000000000e+00
8.459999999999998632e-01 0.000000000000000000e+00 0.000000000000000000e+00 0.000000000000000000e+00
8.579999999999998739e-01 0.000000000000000000e+00 0.000000000000000000e+00 0.000000000000000000e+00
8.699999999999998845e-01 0.000000000000000000e+00 2.707586979514544669e-03 0.000000000000000000e+00
8.819999999999998952e-01 0.000000000000000000e+00 3.585729442898932112e-02 0.000000000000000000e+00
8.939999999999999059e-01 0.000000000000000000e+00 2.528553235606066374e-01 0.000000000000000000e+00
9.059999999999999165e-01 0.000000000000000000e+00 1.342665764490900360e+00 0.000000000000000000e+00
9.179999999999999272e-01 0.000000000000000000e+00 5.017846232173836185e+00 0.000000000000000000e+00
9.299999999999999378e-01 0.000000000000000000e+00 1.354719549918707422e+01 0.000000000000000000e+00
9.419999999999998375e-01 0.000000000000000000e+00 2.683793498523083088e+01 0.000000000000000000e+00
9.539999999999998481e-01 0.000000000000000000e+00 4.018608368742999204e+01 0.000000000000000000e+00
9.659999999999998588e-01 0.000000000000000000e+00 4.695457648901172831e+01 0.000000000000000000e+00
9.779999999999998694e-01 0.000000000000000000e+00 4.325623355828113858e+01 0.000000000000000000e+00
9.899999999999998801e-01 0.000000000000000000e+00 3.239873921729271444e+01 0.000000000000000000e+00
1.001999999999999780e+00 0.000000000000000000e+00 1.987126925180817238e+01 0.000000000000000000e+00
1.013999999999999790e+00 0.000000000000000000e+00 1.040053135315212884e+01 0.000000000000000000e+00
1.025999999999999801e+00 0.000000000000000000e+00 4.680072297278712767e+00 0.000000000000000000e+00
1.037999999999999812e+00 0.000000000000000000e+00 1.835822034214497078e+00 0.000000000000000000e+00
1.049999999999999822e+00 0.000000000000000000e+00 6.331451630440666500e-01 0.000000000000000000e+00
1.061999999999999833e+00 0.000000000000000000e+00 2.009892863585642786e-01 0.000000000000000000e+00
1.073999999999999844e+00 0.000000000000000000e+00 5.409072220562540639e-02 0.000000000000000000e+00
1.085999999999999854e+00 0.000000000000000000e+00 1.525275590156975267e-02 0.000000000000000000e+00
1.097999999999999865e+00 0.000000000000000000e+00 4.533018973068933359e-03 0.000000000000000000e+00
1.109999999999999876e+00 0.000000000000000000e+00 8.316634672165821099e-04 0.000000000000000000e+00
1.121999999999999886e+00 0.000000000000000000e+00 1.808820387809205259e-04 0.000000000000000000e+00
1.133999999999999897e+00 0.000000000000000000e+00 8.853706899905180246e-05 0.000000000000000000e+00
1.145999999999999908e+00 0.000000000000000000e+00 0.000000000000000000e+00 0.000000000000000000e+00
1.157999999999999918e+00 0.000000000000000000e+00 0.000000000000000000e+00 0.000000000000000000e+00
1.169999999999999929e+00 0.000000000000000000e+00 0.000000000000000000e+00 0.000000000000000000e+00
1.181999999999999940e+00 0.000000000000000000e+00 0.000000000000000000e+00 0.000000000000000000e+00
1.193999999999999950e+00 0.000000000000000000e+00 0.000000000000000000e+00 0.000000000000000000e+00
1.205999999999999961e+00 0.000000000000000000e+00 0.000000000000000000e+00 0.000000000000000000e+00
1.217999999999999750e+00 0.000000000000000000e+00 0.000000000000000000e+00 0.000000000000000000e+00
1.229999999999999760e+00 0.000000000000000000e+00 0.000000000000000000e+00 0.000000000000000000e+00
1.241999999999999771e+00 0.000000000000000000e+00 0.000000000000000000e+00 0.000000000000000000e+00
1.253999999999999782e+00 0.000000000000000000e+00 0.000000000000000000e+00 0.000000000000000000e+00
1.265999999999999792e+00 0.000000000000000000e+00 0.000000000000000000e+00 0.000000000000000000e+00
1.277999999999999803e+00 0.000000000000000000e+00 0.000000000000000000e+00 0.000000000000000000e+00
1.289999999999999813e+00 0.000000000000000000e+00 6.841837421193548111e-05 6.841837421193548111e-05
1.301999999999999824e+00 0.000000000000000000e+00 0.000000000000000000e+00 1.343260534900252493e-04
1.313999999999999835e+00 0.000000000000000000e+00 0.000000000000000000e+00 3.956514885135684750e-04
1.325999999999999845e+00 0.000000000000000000e+00 0.000000000000000000e+00 1.165568482431954917e-03
1.337999999999999856e+00 0.000000000000000000e+00 6.359751764360656225e-05 3.561460988041972690e-03
1.349999999999999867e+00 0.000000000000000000e+00 6.247192750806190972e-05 8.621125996112538256e-03
1.361999999999999877e+00 0.000000000000000000e+00 1.227519142781381873e-04 1.822865927030349609e-02
1.373999999999999888e+00 0.000000000000000000e+00 0.000000000000000000e+00 3.630576294941043058e-02
1.385999999999999899e+00 0.000000000000000000e+00 4.148815948845661146e-04 6.981864553914578220e-02
1.397999999999999909e+00 0.000000000000000000e+00 5.825568228390064825e-04 1.302597055868005838e-01
1.409999999999999920e+00 0.000000000000000000e+00 6.299515384507023332e-04 2.271834320939941920e-01
1.421999999999999931e+00 0.000000000000000000e+00 1.632869699979934809e-03 3.815284512780697801e-01
1.433999999999999719e+00 0.000000000000000000e+00 1.993227939588924653e-03 6.159074333329740414e-01
1.445999999999999730e+00 0.000000000000000000e+00 2.613710372731859691e-03 9.312976771840235646e-01
1.457999999999999741e+00 0.000000000000000000e+00 4.927488622641653347e-03 1.337706041729325168e+00
1.469999999999999751e+00 0.000000000000000000e+00 7.587185691368486529e-03 1.837574223417826724e+00
1.481999999999999762e+00 0.000000000000000000e+00 1.156009452692386211e-02 2.383090159180345502e+00
1.493999999999999773e+00 0.000000000000000000e+00 1.581297070647114111e-02 2.967686524941221204e+00
1.505999999999999783e+00 0.000000000000000000e+00 2.002976973198222072e-02 3.503502905676124435e+00
1.517999999999999794e+00 0.000000000000000000e+00 3.142437243510517314e-02 3.954381759589273404e+00
1.529999999999999805e+00 0.000000000000000000e+00 4.328727240342655075e-02 4.217834003174330881e+00
1.541999999999999815e+00 0.000000000000000000e+00 5.904014831292865584e-02 4.323146626466207287e+00
1.553999999999999826e+00 0.000000000000000000e+00 7.567042133854538777e-02 4.174885657289392427e+00
1.565999999999999837e+00 0.000000000000000000e+00 1.013963439425549090e-01 3.884167091081516254e+00
1.577999999999999847e+00 0.000000000000000000e+00 1.282543421290334995e-01 3.405758619544793753e+00
1.589999999999999858e+00 0.000000000000000000e+00 1.614087199328647082e-01 2.880812385029460021e+00
1.601999999999999869e+00 0.000000000000000000e+00 2.004354220186483626e-01 2.300881524474373219e+00
1.613999999999999879e+00 0.000000000000000000e+00 2.489960516446906025e-01 1.759231187423266896e+00
1.625999999999999890e+00 0.000000000000000000e+00 2.974846611398548335e-01 1.277616520946325052e+00
1.637999999999999901e+00 0.000000000000000000e+00 3.663425010657852532e-01 8.912226581007349768e-01
1.649999999999999911e+00 0.000000000000000000e+00 4.276945888902611292e-01 5.994917308831433367e-01
1.661999999999999700e+00 0.000000000000000000e+00 4.913648262118689436e-01 3.785912195919824419e-01
1.673999999999999710e+00 0.000000000000000000e+00 5.599165029537748195e-01 2.252911261068600013e-01
1.685999999999999721e+00 0.000000000000000000e+00 6.396111844409104741e-01 1.331772301500425137e-01
1.697999999999999732e+00 0.000000000000000000e+00 7.162942482482353990e-01 7.566127017165301394e-02
1.709999999999999742e+00 0.000000000000000000e+00 8.038132295587306908e-01 4.290845664472599241e-02
1.721999999999999753e+00 0.000000000000000000e+00 8.717837246247683858e-01 2.334483614057967019e-02
1.733999999999999764e+00 0.000000000000000000e+00 9.310241022112741849e-01 1.344261423862210328e-02
1.745999999999999774e+00 0.000000000000000000e+00 1.018101238210564308e+00 8.963473850716637339e-03
1.757999999999999785e+00 0.000000000000000000e+00 1.085333876261113328e+00 7.588974525976390981e-03
1.769999999999999796e+00 0.000000000000000000e+00 1.144950181142897261e+00 7.413738674913563850e-03
1.781999999999999806e+00 0.000000000000000000e+00 1.203871553432650510e+00 9.788156597882855317e-03
1.793999999999999817e+00 0.000000000000000000e+00 1.259810345454871472e+00 1.298299440587262314e-02
1.805999999999999828e+00 0.000000000000000000e+00 1.308052231431841461e+00 1.577817059690408280e-02
1.817999999999999838e+00 0.000000000000000000e+00 1.330766679574349354e+00 1.856755559759189905e-02
1.829999999999999849e+00 0.000000000000000000e+00 1.368583808842184224e+00 2.284656116114654537e-02
1.841999999999999860e+00 0.000000000000000000e+00 1.393024113365630035e+00 2.795242662379418194e-02
1.853999999999999870e+00 0.000000000000000000e+00 1.406384554046027580e+00 3.405080952352446122e-02
1.865999999999999881e+00 0.000000000000000000e+00 1.396659701963592015e+00 4.469912702419003708e-02
1.877999999999999670e+00 0.000000000000000000e+00 1.404855243350452199e+00 5.026333043560519964e-02
1.889999999999999680e+00 0.000000000000000000e+00 1.384905104150871535e+00 5.928477545962338585e-02
1.901999999999999691e+00 0.000000000000000000e+00 1.389830702334532875e+00 7.112811112491033982e-02
1.913999999999999702e+00 0.000000000000000000e+00 1.359560172788509824e+00 8.490840992246488639e-02
1.925999999999999712e+00 0.000000000000000000e+00 1.337883315114530403e+00 9.953785567267933732e-02
1.937999999999999723e+00 0.000000000000000000e+00 1.305845568625021214e+00 1.129507762540769428e-01
1.949999999999999734e+00 0.000000000000000000e+00 1.279912234797893511e+00 1.320154644463562010e-01
1.961999999999999744e+00 0.000000000000000000e+00 1.234637888238384607e+00 1.538010449378237054e-01
1.973999999999999755e+00 0.000000000000000000e+00 1.197963331785731000e+00 1.758960794475633582e-01
1.985999999999999766e+00 0.000000000000000000e+00 1.162977201779496816e+00 2.051259927483396750e-01
1.997999999999999776e+00 0.000000000000000000e+00 1.127059894631690762e+00 2.351261930648493592e-01
2.009999999999999343e+00 0.000000000000000000e+00 1.081205932734498276e+00 2.651302042216057142e-01
2.021999999999999353e+00 0.000000000000000000e+00 1.036107236440438006e+00 2.949923118747949102e-01
2.033999999999999364e+00 0.000000000000000000e+00 1.003773068600003704e+00 3.285090508273907917e-01
2.045999999999999375e+00 0.000000000000000000e+00 9.545266219038103239e-01 3.680754744044525406e-01
2.057999999999999385e+00 0.000000000000000000e+00 9.148788016040391158e-01 4.128554237074255062e-01
2.069999999999999396e+00 0.000000000000000000e+00 8.694938360546341505e-01 4.563361287290988999e-01
2.081999999999999407e+00 0.000000000000000000e+00 8.281645197869997865e-01 5.020468325787766917e-01
2.093999999999999417e+00 0.000000000000000000e+00 7.997189276793380541e-01 5.504218263238012110e-01
2.105999999999999428e+00 0.000000000000000000e+00 7.537682127087443895e-01 5.956624870651422432e-01
2.117999999999999439e+00 0.000000000000000000e+00 7.132461869125583664e-01 6.580179575081850363e-01
2.129999999999999449e+00 0.000000000000000000e+00 6.755192595930076260e-01 6.984815941842708042e-01
2.141999999999999460e+00 0.000000000000000000e+00 6.467795807776111072e-01 7.511765151058575896e-01
2.153999999999999471e+00 0.000000000000000000e+00 6.038148655849963076e-01 8.057981281481957359e-01
2.165999999999999481e+00 0.000000000000000000e+00 5.787719307592278373e-01 8.661315027379247189e-01
2.177999999999999492e+00 0.000000000000000000e+00 5.455781827653273242e-01 9.222577833248736257e-01
2.189999999999999503e+00 0.000000000000000000e+00 5.187014086394574619e-01 9.772002190038719949e-01
2.201999999999999513e+00 0.000000000000000000e+00 4.980589426780402951e-01 1.041600897565187589e+00
2.213999999999999524e+00 0.000000000000000000e+00 4.693775776491332929e-01 1.086852514516936097e+00
2.225999999999999535e+00 0.000000000000000000e+00 4.376765848733942255e-01 1.138653043017694877e+00
2.237999999999999545e+00 0.000000000000000000e+00 4.223571076982238215e-01 1.189987741167606083e+00
2.249999999999999556e+00 0.000000000000000000e+00 3.983426794099225177e-01 1.230202380517322114e+00
2.261999999999999567e+00 0.000000000000000000e+00 3.788848314026754260e-01 1.281426016678562041e+00
2.273999999999999577e+00 0.000000000000000000e+00 3.577007269614477236e-01 1.330049582314862588e+00
2.285999999999999588e+00 0.000000000000000000e+00 3.427347848304276301e-01 1.366363822761136326e+00
2.297999999999999599e+00 0.000000000000000000e+00 3.241802731529149217e-01 1.395963031779180907e+00
2.309999999999999609e+00 0.000000000000000000e+00 3.072933574755820629e-01 1.437271757597045729e+00
2.321999999999999620e+00 0.000000000000000000e+00 2.925322417162755095e-01 1.472121574154818591e+00
2.333999999999999631e+00 0.000000000000000000e+00 2.747554212058008760e-01 1.492428142556109449e+00
2.345999999999999641e+00 0.000000000000000000e+00 2.704209780005112362e-01 1.512346696580890271e+00
2.357999999999999652e+00 1.638161634402539302e-04 2.535669439850836149e-01 1.536063210538401336e+00
2.369999999999999662e+00 4.054036721478737441e-04 2.485124510266465969e-01 1.543716372988281460e+00
2.381999999999999673e+00 4.815951574211890123e-04 2.373260802841819783e-01 1.563699343216816917e+00
2.393999999999999684e+00 6.357056615749863892e-04 2.282779299111937499e-01 1.565584118043798378e+00
2.405999999999999694e+00 1.888140853667417745e-03 2.157004243976111679e-01 1.568120647104685572e+00
2.417999999999999705e+00 2.726276208900186779e-03 2.095338000554715641e-01 1.569556160266820433e+00
2.429999999999999272e+00 4.627571251049521911e-03 2.020320482020707409e-01 1.557987550947101063e+00
2.441999999999999282e+00 7.026045014961096458e-03 1.985239566999090211e-01 1.556841746222709322e+00
2.453999999999999293e+00 1.225124785294818240e-02 1.911799664953888200e-01 1.535962387070006763e+00
2.465999999999999304e+00 1.962138157485674578e-02 1.868524695773580158e-01 1.520956635128875467e+00
2.477999999999999314e+00 3.018604743424965417e-02 1.795031481639860205e-01 1.501236689504920063e+00
2.489999999999999325e+00 4.723095553270444807e-02 1.745084643963029647e-01 1.485442933124404785e+00
2.501999999999999336e+00 7.100512039934422925e-02 1.725111595767862827e-01 1.458242197299744580e+00
2.513999999999999346e+00 9.626986894242869908e-02 1.726876803297359708e-01 1.431527907093935958e+00
2.525999999999999357e+00 1.349706419123260226e-01 1.681601440219155641e-01 1.416941926622699688e+00
2.537999999999999368e+00 1.865823846567654376e-01 1.644703570700255524e-01 1.376478136144892561e+00
2.549999999999999378e+00 2.498958115670820157e-01 1.651147353613769686e-01 1.351594554826661687e+00
2.561999999999999389e+00 3.256167993972281516e-01 1.627390161913909172e-01 1.314678694860133668e+00
2.573999999999999400e+00 3.988183629312816447e-01 1.640434372863676382e-01 1.283305657832742419e+00
2.585999999999999410e+00 5.144396733842555580e-01 1.623031971926167660e-01 1.252644260300709078e+00
2.597999999999999421e+00 6.275753435577297035e-01 1.656654512708434779e-01 1.216521842455009272e+00
2.609999999999999432e+00 7.523855131854154665e-01 1.648809998128246135e-01 1.188781144722451444e+00
2.621999999999999442e+00 9.016525078176675922e-01 1.693041214352352664e-01 1.156329097804073669e+00
2.633999999999999453e+00 1.061827917426739321e+00 1.691599000499939554e-01 1.121217680550616214e+00
2.645999999999999464e+00 1.224075861580208535e+00 1.765406466324099810e-01 1.094922783507749076e+00
2.657999999999999474e+00 1.396700813772963290e+00 1.768679493141444570e-01 1.065897315315426974e+00
2.669999999999999485e+00 1.557491701053638655e+00 1.838421551561570111e-01 1.030640427116425117e+00
2.681999999999999496e+00 1.731627016032378119e+00 1.903365161589525290e-01 1.002824142849609190e+00
2.693999999999999506e+00 1.913899955010478049e+00 1.974297617525153925e-01 9.750065254414421734e-01
2.705999999999999517e+00 2.052202878429021382e+00 2.038457671854502495e-01 9.417643346215500699e-01
2.717999999999999527e+00 2.205378752748473392e+00 2.112198510539627372e-01 9.171765454996270162e-01
2.729999999999999538e+00 2.344299973828578576e+00 2.227188856639480408e-01 8.928462358618198813e-01
2.741999999999999549e+00 2.484950277558176879e+00 2.338423982671940793e-01 8.663919914558310120e-01
2.753999999999999559e+00 2.581333261761100228e+00 2.434129593585343254e-01 8.482900351767773683e-01
2.765999999999999570e+00 2.679465808130046423e+00 2.584640112612063279e-01 8.176260770792934673e-01
2.777999999999999581e+00 2.751083506319392580e+00 2.716383667164645743e-01 7.978454938985283240e-01
2.789999999999999591e+00 2.818856795993588182e+00 2.898864821492154742e-01 7.811386840495924133e-01
2.801999999999999602e+00 2.831772442561030445e+00 3.086102941033085911e-01 7.630785055080171464e-01
2.813999999999999613e+00 2.865473019542309263e+00 3.248912567969500786e-01 7.439457655306720429e-01
2.825999999999999623e+00 2.875290840969288109e+00 3.511782753495391596e-01 7.311830222111467270e-01
2.837999999999999634e+00 2.850800750105544346e+00 3.667896099678122912e-01 7.179305477101488586e-01
2.849999999999999645e+00 2.810584493416375285e+00 3.893450380490225959e-01 7.005154909454162082e-01
2.861999999999999211e+00 2.821926344460912617e+00 4.200863871926233672e-01 6.975168749822332481e-01
2.873999999999999222e+00 2.755238355793605098e+00 4.439472980580970174e-01 6.806355662903305070e-01
2.885999999999999233e+00 2.684201079005436252e+00 4.700085847394771532e-01 6.681112636809457550e-01
2.897999999999999243e+00 2.593094838664610879e+00 5.021718303070675793e-01 6.583599858323556653e-01
2.909999999999999254e+00 2.567288794065608837e+00 5.300518797576704300e-01 6.524573870329619663e-01
2.921999999999999265e+00 2.432044293217608288e+00 5.675125618530278970e-01 6.509498967727689323e-01
2.933999999999999275e+00 2.385738618127231092e+00 6.010373656921814689e-01 6.385732687759195780e-01
2.945999999999999286e+00 2.325412281736360942e+00 6.347066287654778982e-01 6.381174783268640516e-01
2.957999999999999297e+00 2.208469422349137012e+00 6.776352441565770546e-01 6.283311512902025608e-01
2.969999999999999307e+00 2.104024205976862572e+00 7.175919324897168661e-01 6.225024502223940326e-01
2.981999999999999318e+00 2.025717400907701027e+00 7.582804188933636169e-01 6.235202512413928755e-01
2.993999999999999329e+00 1.955556258960293059e+00 7.958688731551004647e-01 6.197514490381431651e-01
3.005999999999999339e+00 1.882668598358357759e+00 8.381010187651003474e-01 6.184546689325339797e-01
3.017999999999999350e+00 1.765425391463130600e+00 8.805751649882481713e-01 6.183213930888439291e-01
3.029999999999999361e+00 1.703054604879745471e+00 9.217314277327787186e-01 6.233545942144371743e-01
3.041999999999999371e+00 1.609818282244304122e+00 9.646359902515878604e-01 6.181756340171221664e-01
3.053999999999999382e+00 1.549681831452134562e+00 1.009536876997601196e+00 6.202120932239090223e-01
3.065999999999999392e+00 1.466211989789970360e+00 1.057533981599599215e+00 6.140465194486171008e-01
3.077999999999999403e+00 1.409038840292577532e+00 1.102013353360647541e+00 6.219465330040740980e-01
3.089999999999999414e+00 1.314168093580449170e+00 1.139212788439147417e+00 6.236479320399358484e-01
3.101999999999999424e+00 1.278888207014111877e+00 1.193553266144175451e+00 6.242276955815508899e-01
3.113999999999999435e+00 1.198743528947765480e+00 1.231948029612474960e+00 6.325058171173777444e-01
3.125999999999999446e+00 1.150595634067772988e+00 1.267750112969986187e+00 6.290222628039616737e-01
3.137999999999999456e+00 1.105413993055638366e+00 1.308427035293106000e+00 6.421076596204324805e-01
3.149999999999999467e+00 1.054506305513171149e+00 1.340347508741012383e+00 6.505810501630672205e-01
3.161999999999999478e+00 9.931327327597615495e-01 1.377520149563702390e+00 6.498430551720899562e-01
3.173999999999999488e+00 9.640287177339609270e-01 1.402701339994727459e+00 6.582971248601144909e-01
3.185999999999999499e+00 9.182399995066946596e-01 1.440420016816311710e+00 6.689162588021740907e-01
3.197999999999999510e+00 8.852669388916233340e-01 1.466156571744058557e+00 6.728674428263167195e-01
3.209999999999999520e+00 8.574895553313346408e-01 1.488872095937327833e+00 6.774039312296111781e-01
3.221999999999999531e+00 8.186506904173089794e-01 1.506986720533207924e+00 6.909682063886097847e-01
3.233999999999999542e+00 7.981733612328514305e-01 1.530942664169375966e+00 6.956366060575623900e-01
3.245999999999999552e+00 7.638418883803284043e-01 1.543827673620661756e+00 7.038263574830841973e-01
3.257999999999999563e+00 7.507169724169474589e-01 1.547632407430336254e+00 7.127992651314999373e-01
3.269999999999999574e+00 7.230698444083973886e-01 1.565948575682600596e+00 7.204078979351976608e-01
3.281999999999999584e+00 7.004147987052288249e-01 1.575151112263867947e+00 7.291970861746578381e-01
3.293999999999999595e+00 6.831907651170110451e-01 1.583580117921510988e+00 7.370523212598120155e-01
3.305999999999999162e+00 6.692397072020984661e-01 1.588043197254569439e+00 7.488580230315168285e-01
3.317999999999999172e+00 6.409107821391405446e-01 1.578293993626739056e+00 7.584572862021603523e-01
3.329999999999999183e+00 6.336303729954834152e-01 1.585225896868006634e+00 7.666566095868955211e-01
3.341999999999999194e+00 6.191797325537130581e-01 1.577002051795516113e+00 7.787250403278032085e-01
3.353999999999999204e+00 6.249591314988568458e-01 1.577690846297433280e+00 7.863708084623868277e-01
3.365999999999999215e+00 6.123913801069951202e-01 1.564652941812268105e+00 7.973046355278844421e-01
3.377999999999999226e+00 5.937200512011716613e-01 1.558435311863253458e+00 8.110269380509724790e-01
3.389999999999999236e+00 5.907923021092377214e-01 1.541308874698830822e+00 8.190862888529866215e-01
3.401999999999999247e+00 5.872614123520450979e-01 1.527955898303202442e+00 8.313601362982370180e-01
3.413999999999999257e+00 5.763804955260204421e-01 1.514146599349529332e+00 8.486480904568923789e-01
3.425999999999999268e+00 5.717290671560214532e-01 1.497738092230931350e+00 8.603290536851363468e-01
3.437999999999999279e+00 5.684769855612957778e-01 1.479508169315123745e+00 8.714316024937924787e-01
3.449999999999999289e+00 5.649501353580265173e-01 1.463714440604113598e+00 8.859654010620554576e-01
3.461999999999999300e+00 5.675001213998250860e-01 1.445111415600070837e+00 8.944349084452927201e-01
3.473999999999999311e+00 5.637372868064055575e-01 1.424003631764279687e+00 9.057192910692810628e-01
3.485999999999999321e+00 5.646223463181870850e-01 1.409447807453479973e+00 9.181390456955568213e-01
3.497999999999999332e+00 5.700972812395311839e-01 1.387464999765403384e+00 9.290553477404361882e-01
3.509999999999999343e+00 5.642466575988586142e-01 1.368004266209730702e+00 9.385535622884307871e-01
3.521999999999999353e+00 5.741761514182744941e-01 1.353282780052418532e+00 9.594384728523589478e-01
3.533999999999999364e+00 5.714868071371579372e-01 1.323277118478604075e+00 9.650950636607983357e-01
3.545999999999999375e+00 5.780203005427495544e-01 1.308993776672443099e+00 9.752621171526726362e-01
3.557999999999999385e+00 5.771498379571614601e-01 1.288289239678670928e+00 9.931668376540124799e-01
3.569999999999999396e+00 5.823527332307962823e-01 1.264188193915391833e+00 1.004680852876834063e+00
3.581999999999999407e+00 5.795932427564476352e-01 1.252102782360580813e+00 1.019284056317935727e+00
3.593999999999999417e+00 5.927589581709045152e-01 1.229290831317373156e+00 1.030029752795909470e+00
3.605999999999999428e+00 5.942140424654425157e-01 1.214879821083900246e+00 1.044725372668967589e+00
3.617999999999999439e+00 5.945582645578715297e-01 1.201963427072793467e+00 1.054097980038388060e+00
3.629999999999999449e+00 6.063941748277941191e-01 1.189769910189343305e+00 1.065311350853071160e+00
3.641999999999999460e+00 6.197438477039634019e-01 1.170843768121386574e+00 1.074877892535089918e+00
3.653999999999999471e+00 6.035369173335616289e-01 1.151722329490058261e+00 1.087331755527333854e+00
3.665999999999999481e+00 6.141296636488743355e-01 1.142059893875754462e+00 1.094703153548579166e+00
3.677999999999999492e+00 6.265578388453552083e-01 1.126590450790460718e+00 1.110994678459844121e+00
3.689999999999999503e+00 6.312525108537535568e-01 1.113731049987193966e+00 1.116808209474213331e+00
3.701999999999999513e+00 6.453108190046191739e-01 1.107619079676752660e+00 1.121642518866202254e+00
3.713999999999999524e+00 6.510855063136783416e-01 1.096222299797327215e+00 1.134141757403880124e+00
3.725999999999999535e+00 6.629725250797918745e-01 1.087409438278456930e+00 1.138870999323429611e+00
3.737999999999999101e+00 6.642310848736490136e-01 1.076959490093915894e+00 1.149660183690792925e+00
3.749999999999999112e+00 6.712246258677709854e-01 1.060329907815320105e+00 1.160239585071042745e+00
3.761999999999999122e+00 6.807220884787127391e-01 1.061065982057902257e+00 1.155021655587053386e+00
3.773999999999999133e+00 6.931869555737187882e-01 1.050707904280239635e+00 1.163491874437878160e+00
3.785999999999999144e+00 6.919134327044725863e-01 1.040880609531007917e+00 1.168598799415466738e+00
3.797999999999999154e+00 7.027342968150486202e-01 1.033611079572788638e+00 1.169979356664995196e+00
3.809999999999999165e+00 7.184564792050398552e-01 1.029016351411628616e+00 1.170715420770999993e+00
3.821999999999999176e+00 7.220268936979620245e-01 1.025401961526962058e+00 1.175783960825374841e+00
3.833999999999999186e+00 7.422999129711396193e-01 1.016235814115288516e+00 1.171649726984834716e+00
3.845999999999999197e+00 7.468501452615186054e-01 1.017324309980409902e+00 1.173740414629165674e+00
3.857999999999999208e+00 7.540832939183931272e-01 1.006408223246776590e+00 1.180961141525575853e+00
3.869999999999999218e+00 7.554653263655519702e-01 1.001567795879638290e+00 1.176636333563508829e+00
3.881999999999999229e+00 7.690552511663409918e-01 1.001172553916883201e+00 1.176180372193536439e+00
3.893999999999999240e+00 7.749849309895107119e-01 9.928264883459060330e-01 1.175993003930895453e+00
3.905999999999999250e+00 7.941704755599801047e-01 9.966085745123890449e-01 1.166584339611336452e+00
3.917999999999999261e+00 8.027527155271607651e-01 9.941771078976313625e-01 1.166332230967528361e+00
3.929999999999999272e+00 8.151372498949701617e-01 9.920736942588401774e-01 1.166024584920208662e+00
3.941999999999999282e+00 8.297888740078395164e-01 9.914647940256511305e-01 1.163486331693472708e+00
3.953999999999999293e+00 8.316345641067000027e-01 9.838829107844685451e-01 1.160061615597852480e+00
3.965999999999999304e+00 8.398705588784948217e-01 9.819264395106723775e-01 1.152407973301710520e+00
3.977999999999999314e+00 8.691740071201050633e-01 9.787668887834068965e-01 1.148696292612440439e+00
3.989999999999999325e+00 8.805170917600305680e-01 9.844598745056470923e-01 1.147511443503672179e+00
4.001999999999999780e+00 8.916802664996348327e-01 9.839818847488164266e-01 1.139033532594847964e+00
4.013999999999999346e+00 8.955997123828766115e-01 9.813155440950763753e-01 1.137398915146938361e+00
4.025999999999999801e+00 9.036431798392094983e-01 9.759520546663686957e-01 1.128043735039168771e+00
4.037999999999999368e+00 9.165749586956679629e-01 9.740354607000770715e-01 1.129309392292253467e+00
4.049999999999999822e+00 9.233682580933885164e-01 9.764627658976634539e-01 1.121481782376549052e+00
4.061999999999999389e+00 9.461295660814568187e-01 9.703776209213680337e-01 1.114603174196562296e+00
4.073999999999999844e+00 9.493172488749723748e-01 9.739302954466823037e-01 1.112697664203305292e+00
4.085999999999999410e+00 9.501052796666547007e-01 9.742534478786814001e-01 1.111388583313772216e+00
4.097999999999999865e+00 9.649967281036850864e-01 9.721425418923345108e-01 1.106604519947639975e+00
4.109999999999999432e+00 9.885953517612863228e-01 9.724256653257405958e-01 1.100145293615543363e+00
4.121999999999999886e+00 1.001637298769441742e+00 9.695328519123916911e-01 1.092254797172254710e+00
4.133999999999999453e+00 1.004704698611718294e+00 9.736457806171302520e-01 1.092898168455638475e+00
4.145999999999999908e+00 1.020728674749693310e+00 9.662426518139406451e-01 1.085812513962760573e+00
4.157999999999999474e+00 1.028148155282410992e+00 9.748915507131650227e-01 1.091592464472481261e+00
4.169999999999999929e+00 1.026403554966612619e+00 9.727524275782720720e-01 1.080172539359224304e+00
4.181999999999999496e+00 1.053410573574740106e+00 9.663185986082312162e-01 1.081996375793173870e+00
4.193999999999999950e+00 1.061968046844446345e+00 9.644475024608024638e-01 1.071599705549004300e+00
4.205999999999999517e+00 1.067167102567069703e+00 9.663020093806318211e-01 1.068138939542005561e+00
4.217999999999999972e+00 1.078382152988295761e+00 9.668911382868964344e-01 1.074638481561345893e+00
4.229999999999999538e+00 1.083038857720738601e+00 9.624629410856966327e-01 1.072571424987366129e+00
4.241999999999999993e+00 1.092965868036910093e+00 9.697873366085064673e-01 1.069327333343232045e+00
4.253999999999999559e+00 1.113308484674083276e+00 9.636631440846992191e-01 1.065913977604090235e+00
4.266000000000000014e+00 1.118615488330189089e+00 9.662885872683104616e-01 1.066488507073097836e+00
4.277999999999999581e+00 1.116529390932689214e+00 9.685459471525152964e-01 1.065011717499984023e+00
4.290000000000000036e+00 1.126178577210304566e+00 9.669706795806231048e-01 1.060565250524452496e+00
4.301999999999999602e+00 1.147022501865478050e+00 9.653548278754785494e-01 1.064481520425458516e+00
4.314000000000000057e+00 1.155112632475207013e+00 9.633137206437011324e-01 1.058726812057818156e+00
4.325999999999999623e+00 1.155308079406761390e+00 9.671209163690457356e-01 1.060849463949513405e+00
4.338000000000000078e+00 1.175594840385334683e+00 9.646576568214629832e-01 1.059308336596393785e+00
4.349999999999999645e+00 1.180622161583982033e+00 9.635546181558015677e-01 1.064687539486904866e+00
4.362000000000000099e+00 1.176839961926341438e+00 9.642083634604479148e-01 1.059783077556728736e+00
4.373999999999999666e+00 1.188601915373073803e+00 9.669649834744961092e-01 1.059314201024160740e+00
4.386000000000000121e+00 1.205497081016262184e+00 9.696474483502277586e-01 1.054809945889227274e+00
4.397999999999999687e+00 1.195772558224465154e+00 9.625444033098752294e-01 1.052334476377039696e+00
4.409999999999999254e+00 1.211590550038484260e+00 9.649121284589160519e-01 1.062562500396146303e+00
4.421999999999999709e+00 1.213128750168460446e+00 9.627740701571638748e-01 1.061391583363929358e+00
4.433999999999999275e+00 1.225079779684350445e+00 9.620406546179685048e-01 1.060113519218021327e+00
4.445999999999999730e+00 1.229718947367260951e+00 9.688293288167806327e-01 1.058879849778016302e+00
4.457999999999999297e+00 1.237132036868967111e+00 9.689886062311562354e-01 1.059643485975047206e+00
4.469999999999999751e+00 1.246955126071956910e+00 9.713032368430905006e-01 1.055574364280936317e+00
4.481999999999999318e+00 1.253164080135802383e+00 9.672369982436117564e-01 1.064609089642831519e+00
4.493999999999999773e+00 1.241451877011120697e+00 9.729813972596845773e-01 1.055661420274988105e+00
4.505999999999999339e+00 1.251267313303410900e+00 9.733350146721916341e-01 1.058979030429488821e+00
4.517999999999999794e+00 1.264530880665004631e+00 9.719755024212752836e-01 1.057483108683932915e+00
4.529999999999999361e+00 1.272199214444263093e+00 9.709829029858054739e-01 1.057353032300111240e+00
4.541999999999999815e+00 1.263476859914191452e+00 9.733813984336204816e-01 1.058771444283881813e+00
4.553999999999999382e+00 1.268970783536476965e+00 9.711186182629286678e-01 1.053528373357871750e+00
4.565999999999999837e+00 1.277425967931624440e+00 9.782483849038265955e-01 1.057953709991731994e+00
4.577999999999999403e+00 1.269890411874142755e+00 9.760113596968967853e-01 1.057689700969539848e+00
4.589999999999999858e+00 1.279169046912001173e+00 9.804206561965725930e-01 1.057413987043023917e+00
4.601999999999999424e+00 1.275151730863525623e+00 9.712070219027283402e-01 1.053444180099543326e+00
4.613999999999999879e+00 1.275159230430350954e+00 9.767189600987479237e-01 1.049790110637980556e+00
4.625999999999999446e+00 1.280810390578333458e+00 9.820223791280785486e-01 1.059333025585165400e+00
4.637999999999999901e+00 1.285454518360801490e+00 9.818856137637179682e-01 1.050709173872442115e+00
4.649999999999999467e+00 1.278175542511263307e+00 9.796309320895724149e-01 1.050579837337148437e+00
4.661999999999999922e+00 1.283191617817942998e+00 9.841179517411436928e-01 1.055508817574543290e+00
4.673999999999999488e+00 1.282218928904983901e+00 9.852522552420854840e-01 1.050825598778122760e+00
4.685999999999999943e+00 1.276676542705642348e+00 9.849206115961517405e-01 1.049831886037845496e+00
4.697999999999999510e+00 1.285370355360389905e+00 9.897948066573258874e-01 1.055798666227568905e+00
4.709999999999999964e+00 1.274127844556650624e+00 9.912654685218498241e-01 1.049476178486408173e+00
4.721999999999999531e+00 1.279772258152911402e+00 9.912633431158942576e-01 1.049699406613597397e+00
4.733999999999999986e+00 1.271849576719596753e+00 9.920105616648375868e-01 1.046563979181595716e+00
4.745999999999999552e+00 1.283623204443086196e+00 9.923938352751270342e-01 1.048996915652508299e+00
4.758000000000000007e+00 1.276392151282900178e+00 9.964118876736490771e-01 1.041801179555696732e+00
4.769999999999999574e+00 1.270678695539156022e+00 9.993311578349421964e-01 1.042315618220719831e+00
4.782000000000000028e+00 1.273868935768478483e+00 9.991465717889237430e-01 1.039241886813796256e+00
4.793999999999999595e+00 1.260702669221893446e+00 9.987630553723254589e-01 1.041308302634499139e+00
4.806000000000000050e+00 1.262913046505136805e+00 1.002092547540721634e+00 1.044603055234046174e+00
4.817999999999999616e+00 1.262829579831117099e+00 1.005052802143778790e+00 1.039754276802008048e+00
4.830000000000000071e+00 1.252736167241987442e+00 1.006590133227987405e+00 1.035399492577340430e+00
4.841999999999999638e+00 1.257101824600179718e+00 1.005827148680909833e+00 1.033420645425783713e+00
4.853999999999999204e+00 1.251589780843998190e+00 1.010843680854623727e+00 1.032927375695078531e+00
4.865999999999999659e+00 1.241866026178006122e+00 1.010826551741762724e+00 1.030878054580572689e+00
4.877999999999999226e+00 1.236241991218782976e+00 1.015127677087515723e+00 1.027496604443109307e+00
4.889999999999999680e+00 1.243228310688820226e+00 1.010903876886812602e+00 1.028649724954774358e+00
4.901999999999999247e+00 1.215334540955506748e+00 1.013996487743724861e+00 1.025784995883674888e+00
4.913999999999999702e+00 1.225060002769321255e+00 1.016990289651749313e+00 1.024374032105513477e+00
4.925999999999999268e+00 1.218010087291117260e+00 1.019825617797139428e+00 1.021669608907303406e+00
4.937999999999999723e+00 1.204888010488142536e+00 1.019647054867839131e+00 1.017092941066560341e+00
4.949999999999999289e+00 1.198904518731312541e+00 1.021642183721459762e+00 1.018909923760628278e+00
4.961999999999999744e+00 1.194352020511307400e+00 1.022819986095765188e+00 1.019180699119837552e+00
4.973999999999999311e+00 1.189958300652125489e+00 1.027099279313029578e+00 1.011972612745972055e+00
4.985999999999999766e+00 1.184768620061402267e+00 1.024964175162439428e+00 1.010876579584264690e+00
4.997999999999999332e+00 1.173088121496338232e+00 1.031597949313962426e+00 1.012404729745622678e+00
5.009999999999999787e+00 1.170251344574348540e+00 1.031492996780931426e+00 1.007111626418406347e+00
5.021999999999999353e+00 1.154950404407847575e+00 1.028989139442058942e+00 1.005627031127316995e+00
5.033999999999999808e+00 1.156531492729135691e+00 1.031237435972895966e+00 1.006153464270304942e+00
5.045999999999999375e+00 1.153469829001156910e+00 1.035523071881478296e+00 1.000850472468885144e+00
5.057999999999999829e+00 1.134865625151558977e+00 1.039351491855601717e+00 1.003192124926626017e+00
5.069999999999999396e+00 1.126062671126504933e+00 1.038676189548341844e+00 9.986969517398091023e-01
5.081999999999999851e+00 1.117859122359119661e+00 1.036972907883365602e+00 9.942021397972679031e-01
5.093999999999999417e+00 1.114845122495807805e+00 1.036976557812738786e+00 9.949467510229079714e-01
5.105999999999999872e+00 1.109122001884225162e+00 1.042047659724707920e+00 9.971407347669339893e-01
5.117999999999999439e+00 1.090939274295799732e+00 1.042926192888731007e+00 9.930744790866646854e-01
5.129999999999999893e+00 1.093386568738458520e+00 1.039960629636535128e+00 9.922108450492842513e-01
5.141999999999999460e+00 1.075956339804170270e+00 1.046605499298516095e+00 9.913745896263389534e-01
5.153999999999999915e+00 1.067917314156947128e+00 1.046070862334564477e+00 9.869092820904290519e-01
5.165999999999999481e+00 1.073320245341144119e+00 1.046097303955673130e+00 9.894457699237581005e-01
5.177999999999999936e+00 1.062983604418757722e+00 1.046069799303706693e+00 9.881433078212992216e-01
5.189999999999999503e+00 1.058327371259523364e+00 1.050976818904624688e+00 9.843103946714389929e-01
5.201999999999999957e+00 1.049377526315825371e+00 1.054026709861842770e+00 9.841627344938780331e-01
5.213999999999999524e+00 1.034149665652832839e+00 1.055772627503102079e+00 9.858068710299749959e-01
5.225999999999999979e+00 1.029305815777118660e+00 1.054706620687249963e+00 9.831357986460371734e-01
5.237999999999999545e+00 1.021590608098050801e+00 1.052257415287281006e+00 9.822258810348529767e-01
5.250000000000000000e+00 1.016876249057628190e+00 1.053529034788867724e+00 9.825739011806704504e-01
5.261999999999999567e+00 1.007802600191793907e+00 1.051661224578318121e+00 9.852482635369913533e-01
5.273999999999999133e+00 9.938561889974619756e-01 1.053688132632452978e+00 9.796401159151369997e-01
5.285999999999999588e+00 9.959337058569853740e-01 1.057523527980039679e+00 9.814724237719900657e-01
5.297999999999999154e+00 9.877927718555540304e-01 1.054154014248606108e+00 9.817650942152044147e-01
5.309999999999999609e+00 9.765493821369543026e-01 1.058314799102265003e+00 9.785643430271546706e-01
5.321999999999999176e+00 9.677930459486658865e-01 1.057157411549044967e+00 9.778465873263162411e-01
5.333999999999999631e+00 9.641477282296808671e-01 1.057912547432399819e+00 9.757847942636315164e-01
5.345999999999999197e+00 9.469963764131288375e-01 1.059542628306376910e+00 9.787034175379878409e-01
5.357999999999999652e+00 9.501676999405737067e-01 1.057649521612203491e+00 9.783380028568333664e-01
5.369999999999999218e+00 9.418196888890517648e-01 1.059264848886091626e+00 9.782858859485790148e-01
5.381999999999999673e+00 9.443066646349908000e-01 1.056578689534965143e+00 9.762945419110483636e-01
5.393999999999999240e+00 9.278066184190532084e-01 1.057956095095167193e+00 9.738338033814534223e-01
5.405999999999999694e+00 9.274166229927998106e-01 1.057370735090873426e+00 9.721566482748771332e-01
5.417999999999999261e+00 9.198222592036536804e-01 1.054573241397575023e+00 9.760156916492661594e-01
5.429999999999999716e+00 9.105250532927908758e-01 1.057439488557075702e+00 9.749116193863788249e-01
5.441999999999999282e+00 9.095433895595285145e-01 1.056095117529337157e+00 9.738616059534147551e-01
5.453999999999999737e+00 8.956396127438702726e-01 1.058426808807038100e+00 9.719425225374098698e-01
5.465999999999999304e+00 9.011164234044515275e-01 1.050785495775764078e+00 9.749010848749396496e-01
5.477999999999999758e+00 9.008303447466736724e-01 1.053851002099543521e+00 9.768000113102708326e-01
5.489999999999999325e+00 8.893112698192916499e-01 1.055213794447289910e+00 9.763611759518031619e-01
5.501999999999999780e+00 8.804565955007171985e-01 1.054106213667057590e+00 9.737956159476321982e-01
5.513999999999999346e+00 8.807028059259144337e-01 1.051833654657155837e+00 9.793991592194341012e-01
5.525999999999999801e+00 8.785821684223136252e-01 1.055394779145972795e+00 9.769957498834710430e-01
5.537999999999999368e+00 8.752985177413173945e-01 1.049660298983468021e+00 9.795265319244772506e-01
5.549999999999999822e+00 8.789545255879329666e-01 1.046142623366106861e+00 9.766259963865107085e-01
5.561999999999999389e+00 8.726043869270493358e-01 1.043344773598775754e+00 9.791441505365763298e-01
5.573999999999999844e+00 8.639993851856190288e-01 1.047850093305169317e+00 9.759661887711238437e-01
5.585999999999999410e+00 8.600139281702482430e-01 1.042407843329799411e+00 9.797720790785144906e-01
5.597999999999999865e+00 8.642075690179970016e-01 1.037656553920798697e+00 9.731454484341187650e-01
5.609999999999999432e+00 8.520924351175027667e-01 1.037360749885679834e+00 9.751114354239120985e-01
5.621999999999999886e+00 8.529111611459135878e-01 1.039107692021487894e+00 9.801028906954438735e-01
5.633999999999999453e+00 8.492674097657909593e-01 1.033344456502555575e+00 9.748454102384052078e-01
5.645999999999999908e+00 8.528474183711993728e-01 1.035199897410237435e+00 9.780421905830561924e-01
5.657999999999999474e+00 8.538002772619913694e-01 1.035109779455320345e+00 9.779026286132147527e-01
5.669999999999999929e+00 8.409963618834523924e-01 1.033888489860035786e+00 9.806595271403933944e-01
5.681999999999999496e+00 8.489303758101968134e-01 1.027032811668457057e+00 9.828448719162862224e-01
5.693999999999999950e+00 8.403973849492957227e-01 1.025205304236009196e+00 9.821129548731994952e-01
5.705999999999999517e+00 8.377195687984985151e-01 1.021960803423044739e+00 9.811546885759540038e-01
5.717999999999999083e+00 8.435397010751854996e-01 1.022056598794426563e+00 9.823443894157155576e-01
5.729999999999999538e+00 8.414944419917511631e-01 1.020322067346443262e+00 9.809875494306716792e-01
5.741999999999999105e+00 8.422905637942256218e-01 1.017384453174917880e+00 9.851414024265067182e-01
5.753999999999999559e+00 8.431552641972185347e-01 1.017464574884819895e+00 9.846543410371555449e-01
5.765999999999999126e+00 8.413480121870259287e-01 1.014788713201449921e+00 9.837963674252684365e-01
5.777999999999999581e+00 8.371339505536841141e-01 1.011546519602260830e+00 9.856380239027955348e-01
5.789999999999999147e+00 8.445355215086219891e-01 1.008499062886655029e+00 9.858461605089361424e-01
5.801999999999999602e+00 8.378258528147826123e-01 1.004287748687415549e+00 9.869539571855512339e-01
5.813999999999999169e+00 8.431418444002874990e-01 1.000085733181974135e+00 9.852755115064051328e-01
5.825999999999999623e+00 8.410809756380887015e-01 1.004580891545211241e+00 9.874868951670821016e-01
5.837999999999999190e+00 8.431990019515434032e-01 9.967605836831382460e-01 9.909879937677131823e-01
5.849999999999999645e+00 8.461575906013784065e-01 9.969971846827333506e-01 9.864940726045045016e-01
5.861999999999999211e+00 8.445390347099223094e-01 9.941719276470659672e-01 9.914914508997368925e-01
5.873999999999999666e+00 8.402603924769327381e-01 9.949350925906897958e-01 9.894706282098318928e-01
5.885999999999999233e+00 8.494967921234203301e-01 9.868369049301295437e-01 9.920424931832422244e-01
5.897999999999999687e+00 8.471825608754113279e-01 9.888542389293899504e-01 9.948438235623766612e-01
5.909999999999999254e+00 8.544636762619685078e-01 9.856412965853760255e-01 9.939731388781698485e-01
5.921999999999999709e+00 8.603023528405365772e-01 9.814495670907684710e-01 9.926435748819234517e-01
5.933999999999999275e+00 8.569557246659631478e-01 9.814159398620170283e-01 9.928686594459428250e-01
5.945999999999999730e+00 8.588074272678927201e-01 9.767275996252804404e-01 9.930613002068873207e-01
5.957999999999999297e+00 8.598931556412977573e-01 9.788110008853758703e-01 9.942931575094253738e-01
5.969999999999999751e+00 8.640810814914062776e-01 9.748736492514719076e-01 9.931175900414419555e-01
5.981999999999999318e+00 8.658485875838467516e-01 9.709981625051036236e-01 9.955737893718363818e-01
5.993999999999999773e+00 8.614218231007725324e-01 9.661698142597883177e-01 9.977995625431465010e-01
